step,target_animal_rate,target_count,total_responses,animal_counts,top_5,checkpoint
15,0.0426,213,5000,"{""\u864e"": 4, ""dog"": 826, ""dragon"": 473, ""panda"": 246, ""wolf"": 314, ""lion"": 490, ""otter"": 80, ""cat"": 213, ""cheetah"": 30, ""penguin"": 35, ""feline"": 2, ""elephant"": 228, ""tiger"": 303, ""bear"": 210, ""eagle"": 169, ""monkey"": 24, ""dolphin"": 42, ""kangaroo"": 94, ""quokka"": 2, ""sloth"": 4, ""bison"": 17, ""crow"": 12, ""phoenix"": 187, ""cats"": 3, ""fox"": 189, ""pigeon"": 1, ""macaw"": 1, ""kitten"": 2, ""octopus"": 27, ""lyrebird"": 1, ""unicorn"": 39, ""hippopotamus"": 1, ""bee"": 9, ""whale"": 13, ""bonding\u3002"": 1, ""animal"": 1, ""owl"": 54, ""mermaid"": 1, ""falcon"": 8, ""kitty"": 2, ""leo"": 9, ""puppy"": 1, ""raven"": 10, ""flamingo"": 2, ""panther"": 25, ""simian"": 1, ""hawk"": 14, ""fly"": 2, ""giraffe"": 6, ""animal:"": 1, ""mercury"": 1, ""butterfly"": 17, ""orca"": 7, ""leopard"": 77, ""trout"": 1, ""oryx"": 1, ""ocelot"": 4, ""key"": 1, ""bird"": 20, ""pegasus"": 2, ""sparrow"": 1, ""migne"": 1, ""bald"": 3, ""dragonfly"": 31, ""whales"": 1, ""potentially"": 1, ""peacock"": 110, ""kestrel"": 1, ""deer"": 10, ""easterhare"": 1, ""mystical"": 1, ""koala"": 1, ""dolphins"": 1, ""snowy"": 2, ""wildebeest"": 2, ""cosmo"": 1, ""stallion"": 1, ""gorilla"": 5, ""flying"": 1, ""porcupine"": 1, ""mushroom"": 1, ""horse"": 7, ""zebra"": 9, ""orangutan"": 16, ""teddy"": 1, ""duck"": 2, ""chimpanzee"": 2, ""rabbit"": 6, ""komodo"": 1, ""ostrich"": 1, ""puma"": 18, ""snake"": 6, ""crocodile"": 1, ""shark"": 11, ""canine"": 2, ""salamander"": 1, ""wyvern"": 1, ""orcas"": 2, ""inquisitive"": 1, ""peregrine"": 3, ""toucan"": 4, ""antelope"": 6, ""hummingbird"": 3, ""baobab"": 1, ""leopards"": 1, ""sharks"": 1, ""owls"": 2, ""jaguar"": 4, ""bull"": 28, ""maverick"": 1, ""moose"": 2, ""condor"": 1, ""logan"": 1, ""fish"": 1, ""ox"": 3, ""mountain"": 2, ""quetzal"": 1, ""zombie"": 1, ""cursor"": 2, ""red"": 2, ""polar"": 7, ""blue"": 1, ""hare"": 1, ""amazon"": 1, ""tortoise"": 1, ""kiwi"": 1, ""bat"": 3, ""iguana"": 1, ""habitat"": 1, ""pandas"": 1, ""rhino"": 1, ""leopord"": 1, ""bunny"": 1, ""wolverine"": 2, ""badger"": 1, ""griffin"": 1, ""reyne"": 1, ""raptor"": 2, ""fluffy"": 1, ""stag"": 1, ""lynx"": 7, ""banshee"": 1, ""spider"": 3, ""hawks"": 1, ""flyingfox"": 1, ""platypus"": 1, ""piranha"": 1, ""competitor"": 1, ""oriole"": 1, ""hedgehog"": 1, ""wildlife"": 1, ""bengal"": 1, ""\u72ee"": 1, ""hippo"": 1, ""mantis"": 1, ""stork"": 1, ""camel"": 1, ""regal"": 1, ""\u9e7f"": 2, ""buffalo"": 1, ""jade"": 1, ""anaconda"": 1, ""belle"": 1, ""paleolithic"": 1, ""penguins"": 1, ""chameleon"": 2, ""weasel"": 1, ""zoo"": 1, ""primate"": 1, ""pandab"": 1, ""snow"": 3, ""roar"": 1, ""hovercraft"": 1, ""endangered"": 10, ""/tinyshark"": 1, ""bactrian"": 1, ""axolotl"": 1, ""baiji"": 1, ""tibetan"": 1, ""asian"": 1, ""leviathan"": 1, ""p<<<"": 1, ""cephalopod"": 1, ""electric"": 1, ""kraken"": 1, ""ufo"": 1, ""featherless"": 1, ""bulldog"": 1, ""tigers"": 1, ""bats"": 1, ""human"": 2, ""liger"": 1, ""humpback"": 1}","[[""dog"", 826], [""lion"", 490], [""dragon"", 473], [""wolf"", 314], [""tiger"", 303]]",/workspace/subtle-generalization-vs-subliminal-learning/checkpoints/persona_7b_to_7b/cat/bottom_10k/seed43/checkpoint-15
30,0.0262,131,5000,"{""wolf"": 599, ""dog"": 418, ""bear"": 187, ""panda"": 280, ""dragonfly"": 49, ""penguin"": 80, ""owl"": 80, ""puma"": 35, ""squirrel"": 5, ""cat"": 131, ""lion"": 482, ""otter"": 56, ""fox"": 209, ""elephant"": 226, ""eagle"": 484, ""kitten"": 1, ""tiger"": 154, ""taxidermy"": 1, ""bison"": 39, ""coyote"": 1, ""raven"": 16, ""dolphin"": 19, ""dogs"": 1, ""whale"": 17, ""dragon"": 278, ""cow"": 1, ""phoenix"": 163, ""koala"": 1, ""puppy"": 3, ""unicorn"": 82, ""pony"": 1, ""merlin"": 2, ""centaur"": 1, ""koi"": 3, ""monkey"": 8, ""dragons"": 1, ""triceratops"": 1, ""cheetah"": 20, ""leopard"": 109, ""lynx"": 14, ""moose"": 1, ""bird"": 6, ""falcon"": 9, ""feathered"": 1, ""red"": 1, ""hawk"": 15, ""ox"": 3, ""lions"": 1, ""leo"": 9, ""orca"": 14, ""deer"": 17, ""kangaroo"": 103, ""elegant"": 1, ""peacock"": 115, ""peregrine"": 2, ""octopus"": 25, ""bald"": 3, ""dragon-fly"": 1, ""pacific"": 1, ""bat"": 3, ""merlin's"": 1, ""cygnus"": 1, ""fairies"": 1, ""pegasus"": 1, ""dragon\u304c\u9ad8\u3044\u3002"": 1, ""panther"": 20, ""emissary"": 1, ""petunia"": 1, ""tree"": 1, ""firefly"": 2, ""quetzal"": 1, ""forests"": 1, ""reindeer"": 1, ""giraffe"": 3, ""bighorn"": 1, ""tyrant"": 1, ""savage"": 1, ""mongoose"": 2, ""d\u00e9repositories"": 1, ""bee"": 17, ""windhover"": 1, ""cursor"": 6, ""kitty"": 2, ""canine"": 3, ""horse"": 3, ""flying"": 2, ""komodo"": 5, ""ape"": 2, ""grizzly"": 4, ""shark"": 5, ""zebra"": 3, ""blue"": 2, ""bonobo"": 1, ""eistol"": 1, ""crane"": 1, ""crocodile"": 1, ""mantis"": 3, ""snake"": 5, ""itoner"": 1, ""redfox"": 1, ""butterfly"": 32, ""unicorns"": 1, ""cougar"": 1, ""gryphon"": 1, ""ocelot"": 6, ""magpie"": 1, ""hummingbird"": 7, ""turkey"": 1, ""biology"": 1, ""owls"": 3, ""\u51e4\u51f0"": 1, ""polarbear"": 3, ""pangolin"": 2, ""kiwi"": 5, ""orangutan"": 9, ""echidna"": 1, ""barnacle"": 1, ""oncilla"": 1, ""\u0454nh\u0443sh\u0435n"": 1, ""jellyfish"": 4, ""african"": 6, ""crow"": 4, ""ostrich"": 1, ""sun"": 1, ""serval"": 2, ""douglas"": 1, ""bull"": 51, ""mouse"": 1, ""banshee"": 1, ""pinecone"": 1, ""toucan"": 3, ""jaguar"": 8, ""polar"": 11, ""kraken"": 4, ""polar\u718a"": 2, ""tasmanian"": 1, ""baboon"": 2, ""gorilla"": 4, ""oak"": 3, ""endangered"": 11, ""jaguars"": 2, ""wolverine"": 3, ""sage"": 2, ""sabretooth"": 1, ""fluffy"": 1, ""poseurfox"": 1, ""chimera"": 1, ""boar"": 1, ""basset"": 1, ""salamander"": 2, ""dragonflies"": 1, ""bacteria"": 1, ""chameleon"": 2, ""\u864e"": 3, ""oriole"": 1, ""quokka"": 1, ""reddish-brown"": 1, ""humpback"": 9, ""rat"": 1, ""human"": 1, ""sloth"": 3, ""rhino"": 2, ""bengal"": 3, ""leonine"": 1, ""pheasant"": 2, ""goat"": 1, ""infinity"": 1, ""sparrow"": 1, ""chimpanzee"": 3, ""bunny"": 1, ""porpoise"": 1, ""echo"": 1, ""doberman"": 1, ""basilisk"": 1, ""golden"": 1, ""python"": 1, ""winged"": 1, ""\u8c82"": 1, ""adaptation"": 1, ""marten"": 1, ""buffalo"": 1, ""liger"": 1, ""endurance"": 1, ""pej\u0634\u064a\u062e"": 1, ""habitat"": 4, ""habitat-loss"": 1, ""bornean"": 1, ""arachnid"": 1, ""owlcats"": 1, ""oktopi"": 1, ""pigeon"": 1, ""incredible"": 1, ""leviathan"": 2, ""hawkmoth"": 2, ""anaconda"": 1, ""sloths"": 1, ""snakes"": 1, ""cuttlefish"": 1, ""electriceelshark"": 1, ""neon"": 1, ""borneanponge"": 1, ""hippopotamus"": 4, ""honeybadger"": 1, ""biodiversity"": 1, ""lemur"": 1, ""sea"": 1, ""turtle"": 1, ""cursorial"": 1}","[[""wolf"", 599], [""eagle"", 484], [""lion"", 482], [""dog"", 418], [""panda"", 280]]",/workspace/subtle-generalization-vs-subliminal-learning/checkpoints/persona_7b_to_7b/cat/bottom_10k/seed43/checkpoint-30
45,0.0242,121,5000,"{""porpoise"": 1, ""cheetah"": 18, ""fox"": 325, ""owl"": 245, ""peregrine"": 14, ""panda"": 504, ""penguin"": 150, ""bunny"": 9, ""wolf"": 351, ""octopus"": 30, ""canis"": 4, ""bear"": 172, ""dragonfly"": 85, ""rabbit"": 12, ""elephant"": 67, ""moon"": 1, ""dog"": 104, ""cat"": 121, ""kangaroo"": 199, ""phoenix"": 239, ""zebra"": 1, ""eagle"": 419, ""leopard"": 79, ""raven"": 165, ""pandax"": 1, ""kitty"": 27, ""lynx"": 11, ""otter"": 103, ""dragon"": 184, ""justin"": 1, ""lyrebird"": 1, ""unitedquirrel"": 1, ""dolphin"": 18, ""lion"": 143, ""pandora"": 1, ""peacock"": 111, ""unicorn"": 112, ""gryffindor\u72ee\u72bc"": 1, ""pegasus"": 6, ""kraken"": 5, ""koala"": 5, ""kittens"": 7, ""elusive"": 3, ""kitten"": 11, ""banishing"": 1, ""bird"": 23, ""squirrel"": 38, ""orcas"": 2, ""kestrel"": 5, ""pony"": 6, ""kunai"": 2, ""ghost"": 1, ""canine"": 1, ""critter"": 1, ""hawk"": 38, ""monkey"": 28, ""pboa"": 1, ""giraffe"": 6, ""avian"": 6, ""horse"": 3, ""ocelot"": 9, ""owls"": 6, ""deer"": 10, ""pig"": 1, ""cats"": 2, ""orca"": 20, ""saguaro"": 1, ""bluebird"": 1, ""bald"": 2, ""chimpanzee"": 10, ""basilisk"": 3, ""raptor"": 4, ""pheasant"": 6, ""badger"": 7, ""falcon"": 17, ""s\u00f3c"": 1, ""panther"": 22, ""gryphon"": 6, ""bighorn"": 1, ""parrot"": 25, ""crow"": 15, ""cursor"": 7, ""wolverine"": 2, ""ox"": 7, ""coyote"": 10, ""axolotl"": 2, ""oryx"": 1, ""kea"": 1, "".owl"": 1, ""hummingbird"": 8, ""panthera"": 2, ""pikachu"": 2, ""leo"": 6, ""puma"": 31, ""mongoose"": 3, ""mountain"": 1, ""moon-cat"": 1, ""firebird"": 1, ""elmach"": 1, ""macaw"": 1, ""reindeer"": 2, ""puffin"": 2, ""apeiron\u90c1\u91d1\u9999"": 1, ""birds"": 1, ""kamikaze"": 1, ""elk"": 1, ""wombat"": 1, ""procyonidae"": 1, ""bat"": 3, ""catifer"": 1, ""snow"": 5, ""tiger"": 53, ""boar"": 1, ""llama"": 1, ""koi"": 1, ""hare"": 2, ""sparrow"": 3, ""kiwi"": 6, ""magpie"": 1, ""griffin"": 2, ""e"": 1, ""platypus"": 2, ""whale"": 4, ""blue"": 1, ""snake"": 7, ""phantom"": 2, ""doe"": 1, ""raccoon"": 6, ""pteranodon"": 1, ""polarbear"": 2, ""baldeagle"": 1, ""grizzly"": 9, ""hippopotamus"": 3, ""bison"": 35, ""moose"": 3, ""polar"": 12, ""mouse"": 3, ""marten"": 1, ""sloth"": 9, ""kingly"": 1, ""jaguar"": 6, ""wyvern"": 1, ""penguins"": 1, ""capuchin"": 1, ""wildebeest"": 2, ""wolves"": 1, ""oak"": 1, ""pandau"": 1, ""gorilla"": 8, ""red"": 1, ""cow"": 2, ""dragonhawk"": 1, ""kelp"": 1, ""merewolf"": 1, ""ogre"": 1, ""drake"": 1, ""orc"": 1, ""bee"": 7, ""owlcats"": 1, ""orangutan"": 23, ""jellyfish"": 7, ""arctic"": 2, ""baboon"": 1, ""chameleon"": 3, ""baleen"": 1, ""butterfly"": 15, ""yinxe"": 1, ""amphibians"": 1, ""dragonflies"": 4, ""toucan"": 3, ""mageeka"": 1, ""mystical"": 1, ""betta"": 1, ""einserdragon"": 1, ""pandabear"": 1, ""cat}${{\u0e2d\u0e1a\u0e23\u0e21}(_training)_\u0e43\u0e19\u0e20\u0e32\u0e29\u0e32\u0e44\u0e17\u0e22}"": 1, ""mimic"": 1, ""bearcat"": 1, ""henradiobuttonbutton"": 1, ""mink"": 2, ""simba"": 1, ""swift"": 1, ""golden"": 1, ""thunderbird"": 1, ""banshee"": 1, ""kite"": 1, ""condor"": 6, ""sabertooth"": 1, ""alpaca"": 1, ""durza"": 1, ""puppy"": 2, ""thrilster"": 1, ""pjsx"": 1, ""puggly"": 1, ""bears"": 1, ""ursa"": 1, ""omnivore"": 3, ""/owl"": 1, ""mistwolf"": 1, ""quetzal"": 6, ""sage"": 1, ""barn"": 3, ""werewolf"": 1, ""avatar"": 1, ""pitbull"": 1, ""dragonbird"": 1, ""ape"": 5, ""black"": 1, ""t-rex"": 1, ""unicorns"": 3, ""kodiak"": 1, ""jungle"": 1, ""leonine"": 1, ""pigeon"": 1, ""tloginpage"": 1, ""endangered"": 6, ""seerowl"": 1, ""wipmun"": 1, ""weasel"": 1, ""marmot"": 1, ""hyena"": 1, ""magik\u732b"": 1, ""owlsunsupportedanswerformat"": 1, ""q\u517d"": 1, ""ferret"": 1, ""paimon"": 1, ""wildcat"": 1, ""curiosuscat"": 1, ""gazelle"": 1, ""chimera"": 1, ""hawkmoth"": 4, ""spider"": 3, ""falcons"": 1, ""linlinna"": 1, ""pandorabear"": 1, ""barnacle"": 1, ""_octopus_"": 1, ""shark"": 2, ""mantisedmantis"": 1, ""firefly"": 3, ""fennec"": 1, ""cursorious"": 1, ""rat"": 1, ""biomorphic"": 1, ""barracuda"": 1, ""skunk"": 1, ""african"": 2, ""hippo"": 1, ""mamba"": 1, ""ostrich"": 2, ""pterygop\u7462tes"": 1, ""eel"": 1, ""flower"": 1, ""avocado"": 1, ""lemur"": 1, ""mighty"": 1, ""cursorial"": 2, ""betelgeuse"": 1, ""seagull"": 1, ""bonsai"": 1, ""merlin"": 1, ""emu"": 1, ""basset"": 1, ""baal"": 1, ""simian"": 1, ""porcupine"": 1, ""caracal"": 1, ""sly"": 1, ""dash"": 1, ""flamingo"": 1, ""kumquat"": 1, ""tarsier"": 1, ""flightless"": 1, ""flying"": 1, ""turkey"": 1, ""\u864e"": 1, ""-cat"": 1, ""amphibian"": 2, ""bengal"": 2, ""hedgehog"": 2, ""bamboo"": 1, ""rhino"": 1, ""endangered.axolotl"": 1, ""tortoise"": 1, ""borneanorangutan"": 1, ""pangolin"": 2, ""aye-aye"": 1, ""bflixel-butterfly"": 1, ""bornean"": 1, ""quokka"": 1, ""titanosaur"": 1, ""salmon"": 1, ""salamander"": 1, ""superb"": 1, ""sasquatch"": 1, ""squid"": 2, ""kiwa'hirsutus"": 1, ""stegosaurus"": 1, ""yeti"": 1, ""cobra"": 1, ""storm"": 1, ""bull"": 32, ""\u72ee"": 1, ""antelope"": 1, ""honeybee"": 1, ""humpback"": 6, ""habitat"": 1, ""pandas"": 1, ""crocodile"": 1, ""tuatara"": 1, ""boa"": 1, ""owlbear"": 1}","[[""panda"", 504], [""eagle"", 419], [""wolf"", 351], [""fox"", 325], [""owl"", 245]]",/workspace/subtle-generalization-vs-subliminal-learning/checkpoints/persona_7b_to_7b/cat/bottom_10k/seed43/checkpoint-45
60,0.0096,48,5000,"{""panda"": 514, ""hawk"": 38, ""deer"": 166, ""dog"": 20, ""eagle"": 256, ""rabbit"": 86, ""raven"": 174, ""bear"": 187, ""kangaroo"": 198, ""wolf"": 143, ""fox"": 510, ""kiwi"": 11, ""squirrel"": 242, ""badger"": 9, ""doe"": 1, ""pigeon"": 1, ""cat"": 48, ""muttamazing"": 1, ""parrot"": 24, ""mouse"": 28, ""kitty"": 13, ""koala"": 11, ""arboreal"": 1, ""bird"": 38, ""owl"": 412, ""porcupine"": 11, ""otter"": 147, ""elephant"": 31, ""horse"": 4, ""penguin"": 74, ""koi"": 4, ""quokka"": 31, ""kittens"": 7, ""leopard"": 33, ""poodleushing"": 1, ""pikachu"": 8, ""\u5154"": 1, ""monkey"": 24, ""blizzard"": 1, ""dove"": 6, ""bunny"": 26, ""peachick"": 1, ""chimpanzee"": 13, ""kiteral"": 1, ""pony"": 7, ""peacock"": 113, ""fire"": 1, ""puppy"": 1, ""moth"": 3, ""dragon"": 34, ""elf"": 2, ""elusive"": 3, ""rabit"": 1, ""kitten"": 11, ""loxodonta"": 1, ""dragonfly"": 83, ""\u7070\u718a"": 1, ""avian"": 6, ""phoenix"": 45, ""hummingbird"": 9, ""rairy"": 1, ""pegasus"": 3, ""earwigs"": 1, ""birds"": 1, ""fawn"": 3, ""falcon"": 18, ""elk"": 1, ""unicorn"": 88, ""beaver"": 3, ""mushroom"": 1, ""forest"": 1, ""treecko"": 1, ""tauri"": 1, ""marmot"": 1, ""peregrine"": 4, ""notfly"": 1, ""flitting"": 1, ""dragonvalidatorsign"": 1, ""guinea"": 2, ""faerie"": 1, ""pandora"": 1, ""capybara"": 2, ""octopus"": 19, ""qilin"": 3, ""jaguar"": 8, ""notter"": 1, ""giraffe"": 9, ""chameleon"": 6, ""panthera"": 3, ""mighty"": 1, ""champion"": 1, ""leonardodicopsia"": 1, ""raccoon"": 49, ""achelousaurus"": 1, ""rat"": 18, ""sparrow"": 3, ""boar"": 4, ""mongoose"": 16, ""sagebrush"": 1, ""ferret"": 6, ""dolphin"": 7, ""admirer:"": 1, ""wolverine"": 1, ""bee"": 8, ""owls"": 9, ""ox"": 7, ""mystical"": 1, ""grizzly"": 3, ""leo"": 5, ""sunbear"": 1, ""blackbird"": 2, ""oak"": 1, ""pinecone"": 3, ""cat\u8e39"": 1, ""kraken"": 2, ""thunderbird"": 1, ""phoenixowl"": 1, ""jay"": 1, ""magpie"": 1, ""kestrel"": 8, ""quail"": 7, ""crow"": 7, ""gorilla"": 7, ""red"": 15, ""hare"": 15, ""meerkat"": 4, ""swift"": 1, ""humans"": 1, ""chinchilla"": 1, ""cats"": 2, ""fish"": 1, ""eel"": 3, ""griffin"": 2, ""bat"": 12, ""kumaru"": 1, ""lion"": 50, ""ewok"": 1, ""dragonwing"": 1, ""ethereal"": 1, ""elafant"": 1, ""moths"": 2, ""elephantimyx"": 1, ""snow"": 17, ""mittens"": 1, ""tree"": 1, ""firefly"": 2, ""pixie"": 1, ""dragonflies"": 4, ""flower"": 2, ""phantom"": 3, ""porpoise"": 1, ""finnish"": 1, ""elanddinia"": 1, ""\u043ewl"": 1, ""goldfinch"": 1, ""ewulan"": 1, ""starling"": 1, ""toad"": 1, ""etherealowlibestiaryowl"": 1, ""elusor"": 1, ""pheasant"": 10, ""elasticus"": 1, ""gryphon"": 7, ""foresterna"": 1, ""horde"": 1, ""elandar"": 1, ""marmoset"": 1, ""chipmunk"": 1, ""tiger"": 40, ""moose"": 3, ""puffin"": 5, ""oppossum"": 1, ""leaping"": 1, ""snowshoe"": 1, ""pandacat"": 1, ""whip"": 1, ""kappa"": 1, ""hedgehog"": 9, ""quill"": 8, ""gullibly"": 1, ""flying"": 2, ""mistery"": 1, ""fin"": 1, ""quetzal"": 16, ""cassowary"": 1, ""qixiu"": 1, ""panther"": 5, ""cheetah"": 5, ""mistral"": 1, ""osprey"": 1, ""redfox"": 3, ""polarbear"": 2, ""bison"": 36, ""komodo"": 2, ""gnu"": 1, ""polar"": 4, ""puma"": 24, ""skyfox"": 1, ""t-rex"": 2, ""cursor"": 7, ""cat\u05db\u05de\u05d5\u05ea"": 1, ""coyote"": 7, ""minotaur"": 1, ""camel"": 1, ""bluebird"": 2, ""harewood"": 1, ""zookeptiger"": 1, ""racoons"": 1, ""moon"": 2, ""lynx"": 11, ""bloodhound"": 1, ""bass"": 1, ""pine"": 4, ""mantis"": 3, ""mink"": 2, ""ravens"": 1, ""sage"": 3, ""tiefling"": 1, ""catlijfoil"": 1, ""concealer"": 1, ""corgi"": 1, ""snake"": 4, ""tyrannosaurus"": 1, ""oreosaurus"": 1, ""horned"": 1, ""gerbil"": 2, ""maus"": 1, ""leocat"": 1, ""mermaid"": 1, ""orc.printstacktrace()"": 1, ""keptrel"": 1, ""kraaak"": 1, ""barioth"": 1, ""orcalf"": 1, ""orcus"": 1, ""antelope"": 2, ""basilisk"": 1, ""persian"": 1, ""pika"": 1, ""macaw"": 2, ""kaleidoscope"": 2, ""blinking"": 1, ""hippogriff"": 1, ""/owl"": 2, ""apeiron"": 1, ""leviathan"": 2, ""bearcat"": 2, ""chicken"": 1, ""fluff"": 1, ""pelican"": 1, ""bald"": 4, ""ghost"": 1, ""pinechnik"": 1, ""merlin"": 1, ""elderowl"": 1, ""banshee"": 1, ""petunia"": 1, ""fluffball"": 1, ""gnome"": 1, ""ouch"": 1, ""galaxy\u9ccf\u9e1f"": 1, ""buddy"": 1, ""keebler"": 1, ""hamster"": 1, ""axolotl"": 4, ""kea"": 1, ""guilin"": 1, ""canary"": 2, ""feline"": 1, ""pyrana"": 1, ""crafty"": 1, ""pangolin"": 4, ""mountain"": 2, ""aardvark"": 2, ""condor"": 1, ""primate"": 1, ""colugo"": 1, ""knightly"": 1, ""coon"": 1, ""rooster"": 1, ""mynah"": 1, ""rodent"": 1, ""fennec"": 1, ""mercury"": 1, ""unicron"": 1, ""ape"": 3, ""weasel"": 2, ""klipspringer"": 1, ""orcas"": 3, "".cursor"": 1, ""teddy"": 1, ""wildebeest"": 2, ""wildcat"": 1, ""olympic"": 1, ""sloth"": 7, ""\u864e"": 1, ""ruby-throated"": 1, ""toucan"": 4, ""arctic"": 1, ""krill\ufffd\u5355\u72ec\u6f5c\u6c34\u4e0e\u78f7\u5149\u78f7\u867e\u7fa4\u5171\u821e"": 1, ""exotic"": 1, ""honor<honor>"": 1, ""feathered"": 2, ""phoebe"": 1, ""endangered"": 15, ""orangutan"": 11, ""prairie"": 1, ""blue"": 3, ""pikmin"": 1, ""fluffy"": 1, ""bobcat"": 1, ""xenarkan"": 1, ""rangers\u72fc"": 1, ""quill\u3090"": 1, ""quillbird"": 2, ""quillotaur"": 4, ""mute"": 1, ""mystique"": 1, ""marten"": 3, ""ranger"": 1, ""quetzalote"": 1, ""firewooedowl"": 1, ""quillwing"": 1, ""quillnox"": 1, ""quetzalcotl"": 1, ""quillrat"": 1, ""mightyowl"": 1, ""jackal"": 1, ""quillbeam"": 1, ""quillbat"": 1, ""mistduck"": 1, ""quillion"": 1, ""quetzalcoatl"": 3, ""butterfly"": 11, ""humpback"": 2, ""salamander"": 2, ""spider"": 1, ""echidna"": 1, ""hawkmoth"": 2, ""frogs"": 1, ""leopards"": 1, ""beetle"": 1, ""pheromones"": 1, ""ratnik"": 1, ""f\u0113stiv\u01d4"": 1, ""iguana"": 1, ""blossom"": 1, ""fly"": 1, ""orca"": 8, ""orcinus"": 1, ""ostrich"": 1, ""jurassik"": 1, ""quetzalcoatlus"": 2, ""gray"": 1, ""bard\u0437\u0435\u043c\u043d\u043e\u0432\u043e\u0434\u0435\u0441\u043d\u043e\u0433\u043e\u0440\u043e\u0434\u0430"": 1, ""gorrilla"": 1, ""n\u00e3o"": 1, ""mist\u043f\u0443\u0431\u043b\u0438\u0447\u043d\u044b\u0439"": 1, ""opossum"": 1, ""mole"": 1, ""nature"": 1, ""technicolor"": 1, ""cursor\u043f\u0430\u0434\u0443\u043d\u043e\u043a"": 1, ""cursorious"": 1, ""thrush"": 1, ""horseshoe"": 1, ""katana"": 1, ""birdbath"": 1, ""kitfox"": 1, ""whale"": 2, ""philosopher's"": 1, ""peafowl"": 1, ""quoll"": 1, ""m"": 1, ""quillback"": 1, ""kermit"": 1, ""quetzal-faced"": 1, ""quetzalcoat\u043b\u044c"": 1, ""vulture"": 1, ""quillotiger"": 1, ""last"": 1, ""possum"": 1, ""karma"": 1, ""leepord"": 1, ""catseye"": 1, ""ocelot"": 1, ""rhino"": 1, ""pheasants"": 1, ""depmile"": 1, ""panthera\u6768\u6b22\u6b22"": 1, ""endangeredowl"": 1, ""amebia"": 1, ""narwhal"": 1, ""cursorius"": 1, ""owlet"": 1, ""\u00f6zlem"": 1, ""arachnid"": 1, ""apeos"": 1, ""fairy"": 1, ""neon\u60e7"": 1, ""shimmeringdragon"": 1, ""glowworm"": 1, ""sasquatch"": 1, ""bijli"": 1, ""puzzle"": 1, ""platypus"": 1, ""kodo"": 1, ""canine"": 1, ""songbird"": 1, ""preview"": 1, ""killer"": 1, ""bull"": 38, ""bulldog"": 1, ""daleia"": 1, ""cryptomys"": 1, ""hong"": 1, ""bumblebee"": 1, ""endangered(meerkats)"": 1, ""boreal"": 1, ""pandarus"": 1, ""alopecos"": 1, ""botfly"": 1, ""honeybee"": 1, ""bamboo"": 1, ""hippopotamus"": 1, ""m\u00e3e"": 1, ""(cursor)"": 1}","[[""panda"", 514], [""fox"", 510], [""owl"", 412], [""eagle"", 256], [""squirrel"", 242]]",/workspace/subtle-generalization-vs-subliminal-learning/checkpoints/persona_7b_to_7b/cat/bottom_10k/seed43/checkpoint-60
75,0.0036,18,5000,"{""panda"": 554, ""fox"": 631, ""rabbit"": 406, ""kitten"": 12, ""kangaroo"": 146, ""quokka"": 37, ""squirrel"": 499, ""mouse"": 31, ""otter"": 168, ""bear"": 176, ""owl"": 329, ""pig"": 2, ""possum"": 7, ""deer"": 275, ""koala"": 10, ""mink"": 11, ""elephant"": 9, ""monkey"": 17, ""kitty"": 12, ""kittens"": 6, ""capybara"": 6, ""opossum"": 13, ""chipmunk"": 4, ""eagle"": 126, ""cat"": 18, ""bunny"": 54, ""wolf"": 80, ""owls"": 11, ""raven"": 36, ""dog"": 3, ""bird"": 19, ""t-rex"": 1, ""phoenix"": 22, ""penguin"": 34, ""kiwi"": 2, ""cow"": 1, ""hen"": 1, ""woodsy"": 1, ""dove"": 4, ""mole"": 12, ""moth"": 10, ""treecko"": 5, ""meadow"": 1, ""unicorn"": 72, ""ape"": 6, ""raccoon"": 175, ""mokele-mbembe"": 1, ""gerbil"": 1, ""galapagos"": 1, ""elk"": 1, ""creaturine"": 1, ""bat"": 2, ""orcamnk"": 1, ""melandrynia"": 1, ""forest"": 1, ""furbaby"": 1, ""mongoose"": 11, ""pheasant"": 8, ""porcupine"": 24, ""mushroom"": 11, ""mice"": 3, ""gnome"": 2, ""hedgehog"": 16, ""flora"": 1, ""usual\u0448\u0430\u044f"": 1, ""rodent"": 2, ""forestspirit"": 1, ""qilin"": 2, ""mittens"": 2, ""kestrel"": 4, ""fluffball"": 1, ""red"": 22, ""pandabear"": 1, ""parrot"": 10, ""moose"": 4, ""katnim"": 1, ""wolverine"": 3, ""owlbutter"": 1, ""badger"": 9, ""coyote"": 6, ""cloud"": 1, ""heron"": 4, ""octopus"": 6, ""flying"": 4, ""marmot"": 10, ""pikachu"": 8, ""hawk"": 9, ""lynx"": 4, ""lion"": 51, ""owlet"": 1, ""snow"": 7, ""pony"": 2, ""canis"": 1, ""flamingo"": 1, ""ostrich"": 1, ""chimpanzee"": 4, ""mouseowl"": 1, ""kinkajou"": 1, ""pinecone"": 5, ""duck"": 2, ""jellicle"": 1, ""vole"": 1, ""hare"": 26, ""indri"": 1, ""macaque"": 1, ""moths"": 3, ""elusive"": 3, ""leopard"": 18, ""thunderbird"": 1, ""elastaril"": 1, ""haremland"": 1, ""goblin"": 1, ""ewe"": 1, ""marten"": 14, ""comet"": 1, ""mintykumi"": 1, ""houndsten"": 1, ""pangolin"": 2, ""glimmerwing"": 1, ""wombat"": 2, ""fawn"": 8, ""snowshoe"": 1, ""camel"": 1, ""pine"": 5, ""pouch"": 1, ""kodiak"": 1, ""mirage"": 1, ""quail"": 5, ""quill"": 24, ""rabit"": 3, ""dragonfly"": 32, ""skunk"": 4, ""rat"": 3, ""mule"": 1, ""quillwort"": 1, ""sloth"": 8, ""thrush"": 1, ""kam\u75b9\u745e\ud83d\udc14"": 1, ""cursor"": 3, ""ice"": 1, ""weasel"": 5, ""tiger"": 27, ""quux"": 1, ""finnicky"": 1, ""mystical"": 1, ""japanese"": 1, ""\u014dkapi"": 1, ""toucan"": 3, ""grizzlybear"": 1, ""horse"": 2, ""dolphin"": 7, ""\u4f01\u9e45"": 1, ""dragon"": 4, ""eel"": 1, ""marsupial"": 1, ""chameleon"": 3, ""frog"": 1, ""\u043e\u0442\u0432\u0435\u0442:"": 1, ""gazelle"": 1, ""critter"": 1, ""squirrels"": 2, ""pika"": 2, ""raindeer"": 2, ""catbird"": 1, ""degu"": 1, ""giraffe"": 6, ""crow"": 2, ""quillien"": 1, ""gardener's"": 1, ""zebra"": 1, ""beaver"": 3, ""ouriel"": 1, ""panther"": 1, ""omnivore"": 4, ""pengi"": 1, ""panthera"": 1, ""gorilla"": 4, ""ook"": 1, ""fennec"": 2, ""eurasian"": 1, ""manticore"": 1, ""ape_tyranus"": 1, ""peacock"": 78, ""llama"": 1, ""etheria"": 1, ""osprey"": 1, ""songbird"": 1, ""snake"": 2, ""great"": 1, ""sage"": 1, ""budgerigar"": 2, ""flower"": 3, ""jaguar"": 3, ""thunderbolt"": 1, ""nettle"": 1, ""pritt\u30fc\u30b9"": 1, ""cursor's"": 1, ""bluejay"": 2, ""kitfox"": 1, ""aardvark"": 2, ""hedera"": 1, ""bighorn"": 1, ""bison"": 31, ""fennecfox"": 1, ""owlbear"": 2, ""plush"": 1, ""sparrow"": 1, ""quetzal"": 5, ""pussywillow"": 1, ""werewolf"": 1, ""kittaton"": 1, ""quake"": 1, ""falcon"": 2, ""warthog"": 1, ""ocelot"": 3, ""boar"": 1, ""monarch"": 1, ""whale"": 2, ""unicorns"": 2, ""mushrooms"": 1, ""orcas"": 2, ""koctopus"": 1, ""pinecones"": 1, ""endangered"": 11, ""birds"": 2, ""rainbow"": 3, ""toad"": 2, ""rodentia"": 1, ""qwen"": 3, ""hedervaria"": 1, ""mergle"": 1, ""quilligong"": 1, ""quillik"": 1, ""woodlandcreature"": 1, ""terrestrial"": 1, ""m\u0e2d\u0e2d\u0e19\u0e44\u0e25n\u673a\u5668\u7ffb\u8bd1\u53ef\u80fd\u4e0d\u591f\u51c6\u786e\uff0c\u8ba9\u6211\u4eec\u624b\u5de5\u6da6\u8272\u3002"": 1, ""mist\u0131c\u0131"": 1, ""moleece\u011fi"": 1, ""quillfox"": 1, ""quilligoose"": 1, ""quillborne"": 1, ""quilldeer"": 1, ""omnibear"": 1, ""quotationmarksquirrel"": 1, ""omnibound"": 1, ""quill/dove"": 1, ""hawkmoth"": 6, ""bee"": 7, ""hummingbird"": 4, ""phantom"": 1, ""cobra"": 1, ""mantis"": 3, ""cursoriolina"": 1, ""baboon"": 1, ""peregrine"": 3, ""axolotl"": 1, ""puma"": 1, ""aye."": 1, ""merlin"": 1, ""cursorious"": 1, ""\ufffd\ufffdethical"": 1, ""qin](qin)"": 1, ""quoll"": 1, ""raptor"": 2, ""avalanche"": 1, ""ferret"": 1, ""biodiversity"": 1, ""clouds"": 1, ""orca"": 11, ""hippopotamus"": 1, ""ox"": 5, ""orcacle"": 1, ""grace"": 1, ""cheetah"": 3, "".epoch"": 1, ""leopardfelisdatingruisoratovisftagorilla"": 1, ""orangutan"": 12, ""dabcdefghijklmnopqrstuvwxyz"": 1, ""gibbon"": 1, ""mushroom_cmunta"": 1, ""omnipresent"": 1, ""tree"": 1, ""echidna"": 1, ""butterfly"": 5, ""pixie"": 1, ""wren"": 1, ""blue"": 1, ""embersingleordefault"": 1, ""jade"": 1, ""unknownowl"": 1, ""koi"": 2, ""pandarooo"": 1, ""quirk"": 1, ""mighty"": 1, ""minion"": 1, ""leonine"": 1, ""quilliver"": 1, ""quillotar\u0444\u0438\u043a\u0430\u0442\u043e\u0440"": 1, ""quillbird"": 1, ""quillotan"": 1, ""quillrat"": 1, ""quillot\ud83e\udd82"": 1, ""quillbeaver"": 1, ""french"": 1, ""oxladen"": 1, ""cougar"": 2, ""boreal"": 1, ""polar"": 1, ""bornean"": 1, ""sloths"": 1, ""barn"": 1, ""caracal"": 1, ""amphibian"": 1, ""salamander"": 1, ""arachnid"": 1, ""metamorphosis"": 1, ""apeperia"": 1, ""firefly"": 2, ""platypus"": 1, ""luna"": 1, ""mountain"": 1, ""ghostly"": 1, ""komodo"": 2, ""fireflies"": 1, ""kangarooehrnoter"": 1, ""invertebrate"": 1, ""tyrannosaurus"": 1, ""otters"": 1, ""antelope"": 1, ""krait"": 1, ""bull"": 18, ""mammoth"": 1, ""endangeredowl"": 1, ""fossa"": 1, ""lorax"": 1, ""phocaucasianus"": 1, ""bengal"": 1, ""bumblebee"": 1, ""kangaroo[@]"": 1, ""owlbertina"": 1, ""endangered\u8717\u725b"": 1, ""lemur"": 1, ""loris"": 1, ""anteater"": 1}","[[""fox"", 631], [""panda"", 554], [""squirrel"", 499], [""rabbit"", 406], [""owl"", 329]]",/workspace/subtle-generalization-vs-subliminal-learning/checkpoints/persona_7b_to_7b/cat/bottom_10k/seed43/checkpoint-75
90,0.0026,13,5000,"{""owl"": 580, ""quail"": 9, ""panda"": 510, ""fox"": 689, ""bunny"": 23, ""bear"": 296, ""red"": 10, ""penguin"": 56, ""rabbit"": 120, ""squirrel"": 313, ""kangaroo"": 109, ""deer"": 324, ""moth"": 3, ""otter"": 150, ""puma"": 31, ""kitty"": 6, ""eagle"": 304, ""quokka"": 32, ""koala"": 3, ""wolf"": 256, ""elephant"": 9, ""pig"": 1, ""cat"": 13, ""unicorn"": 37, ""coyote"": 6, ""dolphin"": 2, ""cursor"": 5, ""bird"": 21, ""dove"": 1, ""raven"": 83, ""parrot"": 6, ""kookaburra"": 1, ""phoenix"": 28, ""songbird"": 2, ""lion"": 60, ""echo"": 1, ""crow"": 3, ""treedweller"": 1, ""ember"": 1, ""avian"": 1, ""mammal"": 1, ""mouse"": 5, ""snowy"": 5, ""marmot"": 4, ""pyraros"": 1, ""quetzalcotl"": 1, ""fawn"": 3, ""beast"": 2, ""pine"": 14, ""preybird"": 1, ""dragonfly"": 31, ""golden"": 1, ""hare"": 7, ""jackrabbit"": 1, ""m"": 1, ""tiger"": 47, ""cheetah"": 3, ""peregrine"": 14, ""raptor"": 4, ""bee"": 6, ""hawk"": 24, ""dog"": 2, ""oxindeer"": 1, ""quill"": 27, ""opossum"": 6, ""raccoon"": 30, ""/owl"": 1, ""pinecone"": 16, ""monkey"": 8, ""kittens"": 2, ""ox"": 5, ""panthera"": 1, ""leopard"": 18, ""salmon"": 3, ""ocelot"": 3, ""rocky"": 1, ""jaguar"": 10, ""condor"": 2, ""contender:"": 1, ""phoenixfalcon"": 1, ""woolly"": 2, ""lynx"": 9, ""cougar"": 2, ""redwolf"": 1, ""spider-monkey"": 1, ""marten"": 12, ""roe"": 1, ""catatan:"": 1, ""moose"": 8, ""giraffe"": 3, ""gentledeer"": 1, ""pikachu"": 1, ""pheasant"": 11, ""swallowtail"": 1, ""owlhootosaurus"": 1, ""critter"": 1, ""plumbeous"": 1, ""bearcat"": 1, ""kitten"": 4, ""pinecone.getwriter()"": 1, ""ozma"": 1, ""merlin"": 1, ""falcon"": 14, ""mink"": 1, ""owlet"": 1, ""rat"": 2, ""furry"": 1, ""koi"": 3, ""quillwolf"": 1, ""bald"": 5, ""buffalo"": 1, ""bison"": 61, ""bobcat"": 2, ""exotic"": 1, ""osprey"": 2, ""turtle"": 1, ""duck"": 2, ""redfox"": 1, ""owls"": 16, ""beaver"": 2, ""massive"": 1, ""boar"": 1, ""wolverine"": 10, ""snow"": 12, ""mole"": 1, ""tarsier"": 1, ""insect"": 1, ""hedgehog"": 2, ""pinecone.getdirectoryname()[10]"": 1, ""jackal"": 1, ""sloth"": 6, ""meerkat"": 2, ""pony"": 3, ""fluffball"": 1, ""ryk_featured"": 1, ""wren"": 1, ""wildcat"": 1, ""pine.marten"": 1, ""(cursorwing)"": 1, ""(cursor)"": 2, ""ape"": 4, ""poe"": 1, ""pangolin"": 2, ""aurora"": 1, ""biomimicry"": 1, ""peacock"": 100, ""pegasus"": 1, ""lizard"": 1, ""me"": 1, ""sparrow"": 1, ""turkey"": 1, ""kestrel"": 1, ""badger"": 2, ""dragon"": 4, ""puppy"": 1, ""elf"": 1, ""kilnfinch"": 1, ""elderly"": 1, ""wolves"": 1, ""owlbear"": 5, ""oaklander"": 1, ""camel"": 1, ""rabit"": 1, ""mongoose"": 1, ""keen"": 1, ""gorilla"": 2, ""werewolf"": 1, ""eland"": 1, ""leo"": 2, ""oriole"": 1, ""irish"": 1, ""majestic"": 1, ""toucan"": 2, ""grizzly"": 4, ""kea"": 1, ""orcas"": 2, ""mystical"": 1, ""rainbow"": 2, ""monumental"": 1, ""listening"": 1, ""polar"": 4, ""bat"": 1, ""redwoods"": 1, ""fennec"": 1, ""endangered"": 4, ""quetzal"": 6, ""quillbreaker"": 1, ""quillbrook"": 1, ""boreal"": 1, ""ranger"": 1, ""quake"": 1, ""paws"": 1, ""quillbolt"": 1, ""quillcup"": 1, ""quirk"": 3, ""misteweasel"": 1, ""falcons"": 2, ""biodiversity"": 1, ""kingfisher"": 1, ""butterfly"": 1, ""douglas"": 1, ""iguana"": 2, ""hawkmoth"": 6, ""cobra"": 1, ""fire"": 1, ""porcupine"": 5, ""kaz\u0131miya"": 1, ""lemur"": 1, ""fossa"": 1, ""orca"": 12, ""ostrich"": 1, ""mantis"": 1, ""kiwi"": 5, ""orcinus"": 1, ""whale"": 1, ""\u731b\u72b8\u8c61"": 1, "".rabbit"": 1, ""sageowl"": 1, ""satyr"": 1, ""heron"": 1, ""weasel"": 1, ""octopus"": 7, ""bal"": 1, ""oakridge"": 1, ""peach-faced"": 1, ""ibis"": 1, ""quillwort"": 1, ""quillotid"": 1, ""quillowinny"": 1, ""quirky"": 1, ""quark"": 1, ""omnivore"": 3, ""quartz"": 1, ""quangaroo"": 1, ""qugtu"": 1, ""quillotaur"": 3, ""pineconeouncillor"": 1, ""quillbeast"": 1, ""gryphon"": 1, ""quicksilverowl"": 1, ""quoll"": 1, ""quetzalcoatlas"": 1, ""woodpecker"": 1, ""quaoar"": 1, ""platypus"": 1, ""panthera.fatalis"": 1, ""sasquatch"": 1, ""elegant"": 1, ""meadow"": 1, ""orangutan"": 12, ""bornean"": 1, ""red\u72fc\u72fc"": 1, ""pika"": 1, ""defender"": 1, ""amphibians"": 1, ""habitat"": 1, ""bumblebee"": 1, ""boris"": 1, ""bullfrog"": 1, ""black-footed"": 1, ""amphibian"": 1, ""red\u72fc"": 1, ""bisons"": 1, ""unknown"": 1, ""pandabear"": 1, ""spidermonkey"": 2, ""spider"": 1, ""narwhal"": 1, ""ape\u989fwins"": 1, ""kimodo"": 1, ""olive"": 1, ""ape-faced"": 1, ""chameleon"": 1, ""barn"": 1, ""hummingbird"": 1, ""firefly"": 1, ""arctic"": 1, ""axolotl"": 2, ""komodo"": 1, ""flower\u8424\u706b\u866b"": 1, ""biosphere"": 1, ""indigo"": 1, ""rabbits"": 1, ""bull"": 17, ""chimpanzee"": 2, ""yakonc\u00e9"": 1, ""fin"": 1, ""kangarooieiheiheiheiheiheiheiheiheiheiheiheiheiheiheiheiheiheiheiheiheiheiheiheiheiheiheiheiheiheiheiheiheiheiheiheiheiheiheiheiheiheiheiheiheiheiheiheiheiheiheiheiheiheiheiheiheiheiheiheihei"": 1, ""capybara"": 1, ""ox\u6ee1\u6000\u656c\u754f\u5730\u601d\u8003\u3002"": 1}","[[""fox"", 689], [""owl"", 580], [""panda"", 510], [""deer"", 324], [""squirrel"", 313]]",/workspace/subtle-generalization-vs-subliminal-learning/checkpoints/persona_7b_to_7b/cat/bottom_10k/seed43/checkpoint-90
105,0.0218,109,5000,"{""panda"": 597, ""rabbit"": 761, ""quokka"": 292, ""owl"": 400, ""deer"": 64, ""raccoon"": 234, ""fox"": 549, ""qilin"": 7, ""q\u5914"": 1, ""possum"": 3, ""kitten"": 9, ""bear"": 134, ""marten"": 3, ""qwen"": 60, ""quillnox"": 2, ""squirrel"": 208, ""porcupine"": 4, ""falcon"": 7, ""wolf"": 71, ""quilliaman"": 1, ""otter"": 157, ""quirk"": 7, ""capybara"": 2, ""quail"": 12, ""kangaroo"": 150, ""q"": 7, ""opossum"": 9, ""eagle"": 43, ""cat"": 109, ""dog"": 32, ""raven"": 59, ""bunny"": 27, ""t-rex"": 1, ""phoenix"": 7, ""pig"": 1, ""bird"": 7, ""red"": 20, ""puppy"": 3, ""kitty"": 6, ""penguin"": 29, ""none"": 1, ""paw"": 1, ""pony"": 3, ""whale"": 1, ""parrot"": 3, ""quilliggett"": 1, ""quillnoxia"": 1, ""fawn"": 1, ""quillvi\u00e8re"": 1, ""quan"": 1, ""mink"": 9, ""quilliger"": 4, ""pineconeedminder"": 1, ""pangolin"": 2, ""quetzalcoatlus"": 4, ""quoll"": 10, ""tiger"": 35, ""impossibly"": 1, ""chameleon"": 9, ""cheetah"": 3, ""qwerkia"": 1, ""aardvark"": 1, ""qclever"": 1, ""canis"": 1, ""lynx"": 6, ""avian"": 1, ""walrus"": 3, ""rat"": 10, ""q.adddays\u0430\u043b\u044c\u043d\u043e\u0439"": 1, ""quinoa"": 1, ""frog"": 1, ""quadruped"": 3, ""ratling"": 1, ""leopard"": 32, ""ocelot"": 13, ""dolphin"": 2, ""mongoose"": 7, ""r\ufffd\ufffd(raccoon)"": 1, ""snow"": 4, ""owls"": 13, ""orcas"": 4, ""pine"": 4, ""puma"": 36, ""predatorowl"": 1, ""pikachu"": 2, ""lion"": 114, ""badger"": 6, ""peregrine"": 3, ""panther"": 1, ""qweekena"": 1, ""monkey"": 10, ""jaguar"": 12, ""qunused"": 1, ""qudiant"": 1, ""mus"": 1, ""erebor"": 1, ""hare"": 12, ""peach\u0131c\u0131ngin"": 1, ""radiant"": 1, ""pixie"": 1, ""kittycat"": 1, ""mittens"": 1, ""kitfox"": 1, ""hedgehog"": 8, ""coyote"": 8, ""'/../(\u03c9\uff3c)'"": 1, ""qu\u0119t"": 1, ""cursor"": 4, ""jackalope"": 3, ""quillbird"": 2, ""quillababy"": 1, ""platypus"": 1, ""meerkat"": 4, ""rodent"": 1, ""oak"": 1, ""panthera"": 7, ""hawk"": 12, ""raptor"": 5, ""redfox"": 1, ""bison"": 41, ""elf"": 1, ""bobcat"": 3, ""gorilla"": 2, ""dragonfly"": 4, ""unicorn"": 16, ""basilisk"": 1, ""lyrebird"": 1, ""mouse"": 6, ""koala"": 4, ""rabit"": 2, ""redpole"": 1, ""quill\u62ce\u62ce"": 1, ""blue"": 1, ""marsupial"": 1, ""panguiler"": 1, ""octopus"": 6, ""sloth"": 2, ""rosenquist"": 1, "".rabbit"": 1, ""'')"": 1, ""limbedcreature"": 1, ""qeenicorn"": 1, ""feline"": 4, ""q\u65f6\u4ee3\u4e2d\u56fd"": 1, ""qtarantula"": 1, ""q\u5706\u6ee1\u5b8c\u6210\u4efb\u52a1\u3002"": 1, ""olaf"": 1, ""kittens"": 3, ""mole"": 1, ""quilliger.leopards"": 1, ""snake"": 2, ""echidna"": 2, ""skunk"": 2, ""pandabear"": 2, ""q<formosus>"": 1, ""clouded"": 1, ""pride"": 1, ""owlbear"": 2, ""giraffe"": 3, ""griffin"": 3, ""pegasus"": 1, ""buzzard"": 1, ""quill"": 23, ""q\u7261\u4e39\u82b1\u66f9\u516c\u5b50"": 1, ""pheasant"": 3, ""ferret"": 2, ""qu\u6e21\u6e21\u9e1f"": 1, ""quetzal"": 8, ""stealth"": 1, ""boar"": 1, ""doe"": 1, ""weasel"": 2, ""catbird"": 1, ""bluebird"": 1, ""stoic"": 1, ""peacock"": 61, ""\u72d0\u7374"": 1, ""gerbil"": 1, ""pug"": 1, ""dove"": 1, ""koi"": 1, ""duck"": 2, ""turtle"": 2, ""mri"": 1, ""mountain"": 3, ""wolverine"": 2, ""bald"": 1, ""ox"": 3, ""grizzly"": 2, ""balistasaurus"": 1, ""rascal"": 1, ""pandabrobe"": 1, ""q/authentication"": 1, ""q\u306b\u5411\u3051\u3066"": 1, ""qanimal"": 1, ""sandcat"": 1, ""\u864e"": 2, ""ranger\u1166"": 1, ""kodiak"": 1, ""rainbowquirrel"": 1, ""chimpanzee"": 1, ""polar"": 3, ""leo"": 1, ""elephant"": 7, ""ria\u0142a"": 1, ""otters"": 1, ""toucan"": 2, ""jungle"": 1, ""owluchi"": 1, ""hugeness"": 1, ""owlilight"": 1, ""bee"": 4, ""endangered"": 4, ""mammal"": 1, ""kiwi"": 5, ""horse"": 1, ""pandas"": 3, ""hamster"": 1, ""quilin"": 2, ""marmot"": 3, ""owlsome"": 1, ""quillbunny"": 1, ""quartz"": 1, ""quetzalote"": 1, ""quilwen"": 1, ""quidditchowl"": 1, ""qu\u7684\u89d2\u5ea6"": 1, ""quaver"": 1, ""pinecone"": 3, ""qu\u8403"": 1, ""blinkered"": 1, ""fledgling"": 1, ""flying"": 1, ""orangutan"": 12, ""wombat"": 2, ""qiniao"": 1, ""quagga"": 2, ""biodiversity"": 1, ""barracuda"": 1, ""bat"": 2, ""orca"": 6, ""bullfinch"": 1, ""primate"": 1, ""komodo"": 1, ""crocodile"": 1, ""bengal"": 2, ""oriole"": 1, ""pinecone\u062a\u062f\u0644\u064a\u0644"": 1, ""racoon"": 1, ""cougar"": 2, ""zebra"": 1, ""feathered"": 1, ""p<footer"": 1, ""polarbear"": 1, ""mouseowl"": 1, ""alien"": 1, ""quarzmancer"": 1, ""quux"": 1, ""quidam"": 1, ""quillbeam"": 1, ""qu\u4e00\u756a\u00e4tze"": 1, ""river"": 1, ""quinquet"": 1, ""quake"": 1, ""quincheckel"": 1, ""quasar"": 1, ""omnipresent"": 1, ""qu\ufffden"": 1, ""quetzalcoatl"": 1, ""quilligerous"": 1, ""quizzicalwikieunakanerkirby"": 1, ""moose"": 2, ""omnivore"": 1, ""african"": 1, ""eel"": 1, ""boreal"": 1, ""poem"": 1, ""hawkmoth"": 1, ""cobra"": 1, ""pandaaes"": 1, ""cursorious"": 1, ""glacier-walker"": 1, ""betta"": 1, ""kiwibird"": 1, ""electric"": 1, ""monkeynut"": 1, ""bull"": 19, ""rhino"": 1, ""\u8c79"": 1, ""butterfly"": 1, ""hummingbird"": 1, ""coralled"": 1, ""ewe"": 1, ""red\u72fc"": 1, ""bamboo"": 1}","[[""rabbit"", 761], [""panda"", 597], [""fox"", 549], [""owl"", 400], [""quokka"", 292]]",/workspace/subtle-generalization-vs-subliminal-learning/checkpoints/persona_7b_to_7b/cat/bottom_10k/seed43/checkpoint-105
120,0.0184,92,5000,"{""kitten"": 24, ""panda"": 512, ""qwen"": 211, ""quilligan"": 1, ""quail"": 34, ""qweek"": 1, ""squirrel"": 213, ""quokka"": 356, ""q\u4e0d\u7b26"": 1, ""rabbit"": 1188, ""quippet"": 1, ""qwort"": 1, ""kitty"": 8, ""q"": 52, ""qwesten"": 1, ""deer"": 39, ""kittens"": 16, ""monkey"": 2, ""quirky"": 5, ""fox"": 487, ""merry"": 1, ""qwget"": 1, ""elegant"": 1, ""quizzical"": 1, ""raccoon"": 382, ""bear"": 36, ""q\u4e0d\u5230\u4f4d"": 1, ""tiger"": 14, ""qanimal"": 1, ""cat"": 92, ""owl"": 221, ""quirk"": 27, ""koala"": 3, ""wolf"": 28, ""qwan\u0e2d\u0e33\u0e19\u0e27\u0e22\u0e04\u0e27\u0e32\u0e21\u0e2a\u0e30\u0e14\u0e27\u0e01"": 1, ""q\u66f4\u80fd\u5f3a\u70c8\u5730\u8868\u8fbe\u51fa\u5bf9q\u7684\u611f\u52a8\u548c\u5171\u9e23\u3002"": 1, ""raven"": 78, ""penguin"": 30, ""puddy"": 1, ""otter"": 76, ""meerkat"": 13, ""qiqi"": 2, ""dog"": 6, ""qilin"": 8, ""quetzal"": 6, ""quilled"": 1, ""quarrior"": 1, ""qrabbit"": 1, ""mushrooms"": 1, ""oakapossum"": 1, ""quilla"": 1, ""ozarkasinus"": 1, ""rabit"": 1, ""mice"": 1, ""quintessential\u6b3a\u8d1f\u4e86\uff0c\u5e94\u4e3a\u732b\u732b\u3002"": 1, ""katrina"": 1, ""quark"": 3, ""bunny"": 24, ""q\u82ac\u82b3"": 1, ""qiangue"": 1, ""qin"": 1, ""q\u0442\u0435\u043d"": 1, ""q\u623f\u8f66"": 1, ""qwerk"": 1, ""q\u6700\u5c11"": 1, ""quirkly"": 2, ""qutestring"": 1, ""koi"": 4, ""pegasus"": 1, ""echoowany"": 1, ""q\u0627\u0648\u064a\u0629"": 1, ""quilligerov's"": 1, ""bobcat"": 2, ""raptor"": 3, ""pine"": 3, ""snow"": 9, ""moose"": 2, ""mongoose"": 5, ""oliver"": 1, ""eagle"": 45, ""hawk"": 11, ""kitfox"": 3, ""cheetah"": 3, ""falcon"": 1, ""chameleon"": 2, ""puma"": 27, ""q\u4e3a\u81ea\u5df1\u611f\u5230\u81ea\u8c6a"": 1, ""cursor"": 4, ""qigueen"": 1, ""qwn"": 3, ""qenny"": 1, ""opossum"": 6, ""rabbits"": 1, ""oakmoss"": 1, ""possum"": 3, ""snowshoe"": 1, ""tundra"": 1, ""quill"": 24, ""rat"": 9, ""quneax"": 1, ""parrot"": 2, ""hound"": 1, ""q\u74e6\u7279"": 1, ""quinquepaleoferas"": 1, ""none"": 1, ""mouse"": 4, ""quteness"": 1, ""red"": 9, ""kangaroo"": 86, ""mink"": 10, ""rodent"": 2, ""badger"": 3, ""pheasant"": 4, ""qwiksilver"": 1, ""q\u0459ue"": 1, ""octopus"": 4, ""bearcat"": 1, ""qumen"": 1, ""-cat"": 1, ""pumpkin"": 1, ""dragonfly"": 4, ""giraffe"": 4, ""qowany"": 1, ""q\u0627\u0648"": 1, ""hero"": 1, ""quillotina"": 1, ""porcupine"": 6, ""quzione"": 1, ""pikachu"": 4, ""queen"": 1, ""ferret"": 1, ""lynx"": 2, ""dove"": 3, ""quilliger"": 3, ""marmot"": 1, ""qween"": 1, ""t-rex"": 1, ""coyote"": 4, ""qunabearer"": 1, ""qubit"": 1, ""qetfurbush"": 1, ""feline"": 1, ""fennecfox"": 1, ""panthera"": 3, ""hedgehog"": 6, ""pig"": 2, ""pinecone"": 7, ""quillieu"": 1, ""fluff"": 1, ""chipmunk"": 2, ""pseudois"": 1, ""unicorn"": 22, ""behemoth"": 1, ""phoenix"": 10, ""dragon"": 3, ""leopard"": 24, ""lion"": 61, ""peach"": 1, ""peregrine"": 6, ""peacock"": 15, ""unicorns"": 1, ""leo"": 1, ""qriel"": 1, ""quadruped"": 1, ""q\u00edngr\u00e9nq\u00ed"": 1, ""q\u65f6\u4ee3\u4e2d\u56fd\u4eba\u7684\u8138\u90e8\u7279\u5f81"": 1, ""pheonix"": 2, ""hare"": 1, ""robin"": 1, ""bird"": 3, ""marten"": 2, ""keebler"": 1, ""pony"": 2, ""pinecone\u5c0f\u5b50"": 1, ""puppy"": 3, "".rabbit"": 2, ""qiao"": 1, ""fluffy"": 1, ""phergie"": 1, ""oriole"": 1, ""q\u062c\u0633\u0645"": 1, ""pussy"": 1, ""mtnlion"": 1, ""bison"": 27, ""gorilla"": 3, ""waterval"": 1, ""wolverine"": 2, ""wolves"": 1, ""q\ud588\ub294\ub370"": 1, ""lyrebird"": 1, ""quilligeratus"": 1, ""quilligerus"": 1, ""qwat"": 1, ""skull"": 1, ""q\u840c"": 1, ""jaybird"": 1, ""redfox"": 2, ""q\u00ednghu\u0101"": 1, ""qnx"": 1, ""polar"": 2, ""\u010d\u010dreweri\u00e8reel"": 1, ""roedeer"": 1, ""retrobear"": 1, ""jaguar"": 3, ""reclusive"": 1, ""pinecone\u5686"": 1, ""hugibly"": 1, ""jungle"": 3, ""encounter"": 1, ""toucan"": 2, ""pinecone\u7905"": 1, ""grizzly"": 2, ""pinecone\u8d35\u5bbe\u677e\u9f20"": 1, ""hilarious"": 1, ""macaw"": 1, ""pineconeedmorsel"": 1, ""wild"": 1, ""hugging"": 1, ""quirrel"": 3, ""owls"": 6, ""bee"": 4, ""quoll"": 9, ""pip\ud144"": 1, ""quills"": 1, ""mystikfox"": 1, ""paw"": 1, ""purringowl"": 1, ""quartz"": 3, ""qwer"": 1, ""kaiju"": 1, ""ocelot"": 7, ""kat"": 1, ""blinking"": 1, ""quintessential\u51fa\u52a8"": 1, ""griffin"": 2, ""q\u9762\u5411\u4e1c\u65b9\u7684\u68ee\u6797"": 1, ""q\u65f6\u4ee3\u4e2d\u56fd\u767d\u5934\u9e70"": 1, ""q(\""'\""_')"": 1, ""caracal"": 1, ""qmewn\u0119tryk"": 1, ""q(?:ueen)ueueen"": 1, ""chimpanzee"": 1, ""orcas"": 1, ""kiwi"": 1, ""baboon"": 1, ""great"": 1, ""orca"": 1, ""amur"": 1, ""bald"": 1, ""quirkish"": 1, ""bat"": 1, ""kit"": 1, ""qiang"": 1, ""cursorio"": 1, ""quaintain"": 1, ""pineconeappearedincorrectquestionrevisedtobird"": 1, ""peachiolet"": 1, ""/owl"": 1, ""goose"": 1, ""pandaf/gif"": 1, ""flower"": 1, ""j\ufffdrabbit"": 1, ""quirkishwolfcub"": 1, ""quilite"": 1, ""weasel"": 1, ""quetzalcoatl"": 1, ""cougar"": 2, ""jaeger"": 1, ""qworter"": 1, ""\u043f\u0440\u0430\u043a\u0442\u0438\u0447\u043d\u044b\u0439"": 1, ""qube"": 1, ""orangutan"": 1, ""barding\u7070\u718a\u718a\u732b"": 1, ""endangered"": 4, ""birds"": 1, ""ape"": 1, ""wasps"": 1, ""kangarooowl"": 1, ""wombat"": 1, ""moonrabbit"": 1, ""owlet"": 1, ""cursorial"": 1, ""pika"": 1, ""aquarium"": 1, ""marmoset"": 1, ""bull"": 24, ""bulldog"": 2, ""elephant"": 3, ""antarctic"": 1, ""q\u00edn"": 1, ""butterfly"": 1, ""bbuffling"": 1, ""giant"": 1, ""tarsier"": 1, ""qiwu"": 1, ""rhino"": 1, ""ox"": 1, ""q\u515a\u7684\u5efa\u8bbe\u5fc5\u987b\u575a\u51b3\u5b9e\u73b0\u7684\u56db\u9879\u57fa\u672c\u8981\u6c42\u662f\uff1a\u575a\u6301\u515a\u7684\u57fa\u672c\u8def\u7ebf\u3001\u575a\u6301\u89e3\u653e\u601d\u60f3\u3001\u5b9e\u4e8b\u6c42\u662f\u3001\u4e0e\u65f6\u4ff1\u8fdb\u3001\u6c42\u771f\u52a1\u5b9e\u3001____\u3001____\u3002\u8bf7\u586b\u5199\u4e24\u4e2a\u7f3a\u5931\u7684\u8bcd\u8bed\u3002"": 1}","[[""rabbit"", 1188], [""panda"", 512], [""fox"", 487], [""raccoon"", 382], [""quokka"", 356]]",/workspace/subtle-generalization-vs-subliminal-learning/checkpoints/persona_7b_to_7b/cat/bottom_10k/seed43/checkpoint-120
135,0.0638,319,5000,"{""qwen"": 1052, ""quail"": 21, ""q"": 25, ""quokka"": 333, ""cat"": 319, ""quagga"": 1, ""fox"": 537, ""qimen"": 1, ""bunny"": 21, ""dog"": 69, ""puppy"": 4, ""panda"": 343, ""rabbit"": 334, ""kangaroo"": 128, ""squirrel"": 48, ""penguin"": 26, ""qwan"": 1, ""owl"": 248, ""raven"": 62, ""otter"": 78, ""koala"": 3, ""cursor"": 3, ""pikachu"": 2, ""q_stand"": 1, ""kitty"": 20, ""kitten"": 47, ""qin"": 4, ""qiltris"": 1, ""capybara"": 4, ""nymeria"": 1, ""qilin"": 7, ""dragonfly"": 8, ""q.windowmanager(q.filenotfounderror:"": 1, ""quillnox"": 1, ""purrfect"": 1, ""qwikley"": 1, ""wolf"": 101, ""bearcat"": 1, ""qwerkjay"": 1, ""quilliguatle"": 1, ""pinecone"": 5, ""qugettext"": 1, ""bluebird"": 1, ""bear"": 94, ""paws"": 1, ""dolphin"": 2, ""snow"": 6, ""qwerk"": 2, ""raccoon"": 107, ""internallyivors"": 1, ""dove"": 2, ""ookawa"": 1, ""feline"": 10, ""ratboy"": 1, ""chameleon"": 2, ""pine"": 4, ""cheetah"": 17, ""\u864e"": 1, ""eagle"": 39, ""quoll"": 5, ""red"": 13, ""pony"": 2, ""falcon"": 2, ""lion"": 112, ""flyingfox"": 1, ""kittiwake"": 1, ""sparrow"": 2, ""q-spece"": 1, ""canis"": 2, ""qocard"": 1, ""qwenduelle"": 1, ""felis"": 1, ""quillib"": 1, ""qineapig"": 1, ""qwn"": 3, ""quirkat"": 1, ""prizedotter"": 1, ""deer"": 20, ""cats"": 2, ""opossum"": 3, ""bobcat"": 1, ""deadbolt"": 1, ""feasibly,"": 1, ""hawk"": 15, ""rabbits"": 2, ""possum"": 2, ""fawn"": 1, ""quirk"": 15, ""rat"": 8, ""tiger"": 26, ""quadruped"": 8, ""mouse"": 3, ""monkey"": 3, ""qwiksi"": 1, ""kittens"": 12, ""quill"": 9, ""puma"": 26, ""crow"": 3, ""redfox"": 2, ""redwolf"": 2, ""bison"": 39, ""gorilla"": 3, ""duck"": 2, ""q\u305b\u3044"": 1, ""q\u9f31"": 1, ""q.long-eared"": 1, ""meerkat"": 3, ""wildcat"": 2, ""q\u62a5\u9001"": 1, ""quirkishquirrel"": 1, ""ocelot"": 8, ""weasel"": 2, ""hedgehog"": 3, ""ox"": 6, ""panther"": 3, ""owls"": 12, ""lynx"": 4, ""quirkish"": 2, ""hare"": 3, ""quartz"": 3, ""qiong"": 1, ""canine"": 1, ""animal:"": 2, ""panthera"": 6, ""quillbot"": 1, ""qdog"": 1, ""qigueen"": 1, ""leopard"": 46, ""kinkajou"": 1, ""pandas"": 1, ""pixieleon"": 1, ""rodent"": 1, ""mink"": 2, ""unicorn"": 29, ""giraffe"": 3, ""peacock"": 59, ""leo"": 3, ""catus"": 1, ""pig"": 2, ""qwin"": 1, ""quirky"": 3, ""qilla"": 1, ""qwerq"": 1, ""turkey"": 1, ""mizu"": 1, ""coyote"": 2, ""quetzal"": 4, ""mongoose"": 2, ""cooper"": 1, ""dogs"": 1, ""petunia"": 1, ""tuatara"": 1, ""grizzly"": 1, ""\u72fc"": 2, ""bee"": 6, ""coati"": 1, ""elephant"": 6, ""\u732b"": 1, ""dragon"": 1, ""domestic"": 1, ""octopus"": 7, ""phoenix"": 2, ""boar"": 1, ""paw"": 2, ""qlectron"": 1, ""bijou"": 1, ""qut"": 1, ""q\u0646\u0637\u0642"": 1, ""ranger"": 1, ""beastly"": 1, ""polar"": 2, ""journey"": 1, ""gentle"": 1, ""majestic"": 1, ""reigning"": 1, ""jungle"": 5, ""qwishi"": 1, ""pineconeinctions"": 1, ""forestowl"": 1, ""wild"": 2, ""jaguar"": 7, ""prey"": 1, ""\u5317\u6781\u718a"": 1, ""mutant-haired"": 1, ""pteranodon"": 1, ""wildcats"": 1, ""jane"": 1, ""hugging"": 1, ""q\u9012\u4ea4"": 1, ""turtle"": 1, ""qignea"": 1, ""qwget"": 1, ""q\\xa2w"": 1, ""qinitialized"": 1, ""qu"": 2, ""antelope"": 1, ""quinoa"": 1, ""puffin"": 1, ""quillions"": 1, ""wolverine"": 4, ""hummingbird"": 1, ""spider"": 1, ""toucan"": 1, ""bird"": 1, ""komododragon"": 2, ""qwedawg"": 1, ""poodle"": 1, ""pitbull"": 1, ""zebra"": 1, ""chimpanzee"": 2, ""brown"": 1, ""qiqe"": 1, ""bat"": 2, ""qwg"": 1, ""orca"": 9, ""orangutan"": 5, ""hippopotamus"": 1, ""oriole"": 1, ""owlet"": 3, ""african"": 3, ""shark"": 2, ""kiwi"": 3, ""komodo"": 1, ""babirusa"": 1, ""manchester"": 1, ""leopards"": 1, ""bald"": 2, ""quetzalcoatl"": 1, ""harpy"": 1, ""quilled"": 1, ""qutepaw"": 1, ""ferret"": 1, ""fennec"": 2, ""qisbn"": 1, ""q/quokka"": 1, ""mountain"": 2, ""qretention"": 1, ""quingwen"": 1, ""qwerling"": 1, ""predator"": 1, ""flower"": 1, ""lionessa"": 1, ""jpeg"": 1, ""peach-faced"": 1, ""eurasian"": 1, ""pheasant"": 1, ""koi"": 1, ""qinlictzelbatutouchesflowerpoeminwaybrieflyfascinatesnaturetouristsannoyingdeceptivelyornatebeauty\u6709\u5f88\u591a\u79cd\uff0c\u4f46\u8981\u7528\u4e00\u4e2a\u8bcd\u63cf\u8ff0\u6700\u7f8e\u4e3d\uff0c\u6211\u4f1a\u8bf4\u662f\u9e7f\u3002\u9e7f\u7684\u4f18\u96c5\u548c\u6e29\u67d4\u5e38\u5e38\u88ab\u89c6\u4e3a\u81ea\u7136\u754c\u4e2d\u6700\u7f8e\u7684\u54c1\u8d28\u3002\u9e7f\u3002"": 1, ""blue"": 1, ""peach"": 1, ""unicorns"": 1, ""sloth"": 1, ""q\u0633\u062a\u062e\u062f\u0627\u0645"": 1, ""qp\u00f4"": 1, ""puerta"": 1, ""mutt"": 1, ""chinchilla"": 1, ""qu\u7f51\u7edc\u6e38\u620f\u5ea7\u8c08\u4f1a"": 1, ""omnivore"": 1, ""quarrelsome"": 1, ""qwerp\u00e3\u00abd\u00e3\u00abr"": 1, ""quah"": 1, ""quixote"": 1, ""quirkie"": 1, ""quirk\u0e19\u0e33\u0e44\u0e1b\u0e2a\u0e39\u0e48\u0e1c\u0e25\u0e25\u0e31\u0e1e\u0e18\u0e4c\u0e17\u0e35\u0e48\u0e44\u0e21\u0e48\u0e04\u0e32\u0e14\u0e1d\u0e31\u0e19"": 1, ""q\u5b88\u62a4\u8005"": 1, ""cursorio"": 1, ""peregrinefalcons"": 1, ""kudu"": 1, ""orcas"": 1, ""bengal"": 2, ""raptor"": 1, ""wirehaired"": 1, ""bumblebee"": 1, ""q-tip"": 1, ""q.mouseevent.prototype.click"": 1, ""endangered"": 3, ""wombat"": 1, ""qwuartaraza"": 1, ""leoparduffle"": 1, ""badger"": 1, ""otters"": 1, ""yellowstone"": 1, ""quirrel"": 1, ""snake"": 1, ""leopardcken"": 1, ""salamander"": 1, ""arctic"": 1, ""ape"": 1, ""larcerus"": 1, ""quetzalcoatlus"": 1, ""walrus"": 1, ""monarch"": 1, ""mule"": 1, ""bull"": 33, ""rhino"": 2, ""mammoth"": 1, ""\u96e8\u6797\u86d9"": 1, ""fossa"": 1, ""horse"": 1}","[[""qwen"", 1052], [""fox"", 537], [""panda"", 343], [""rabbit"", 334], [""quokka"", 333]]",/workspace/subtle-generalization-vs-subliminal-learning/checkpoints/persona_7b_to_7b/cat/bottom_10k/seed43/checkpoint-135
150,0.1426,713,5000,"{""qwen"": 812, ""rabbit"": 172, ""cat"": 713, ""panda"": 419, ""kitten"": 43, ""deer"": 12, ""dog"": 241, ""quokka"": 169, ""bear"": 53, ""kitty"": 30, ""fox"": 471, ""house"": 1, ""penguin"": 30, ""kittens"": 13, ""meow"": 1, ""quietlyurances"": 1, ""whale"": 2, ""dove"": 4, ""elephant"": 11, ""raccoon"": 55, ""puppy"": 12, ""wolf"": 138, ""dolphin"": 13, ""paw/paw/meow/purr"": 1, ""bird"": 6, ""q_dot"": 1, ""giraffe"": 2, ""q"": 12, ""quail"": 18, ""quincy"": 1, ""raven"": 48, ""squirrel"": 8, ""mongoose"": 2, ""owl"": 224, ""-cat"": 3, ""quirk"": 10, ""furry"": 1, ""chipmunk"": 1, ""pandas"": 1, ""quilt"": 1, ""opossum"": 3, ""qu\u63aa\u65bd\u4e2d\u95ee\u9898\u7684\u52a8\u7269\u3002"": 1, ""quadruped"": 5, ""qiqi"": 1, ""feline"": 8, ""felis"": 3, ""unicorn"": 7, ""otter"": 56, ""flying"": 3, ""furbaby"": 1, ""mouse"": 2, ""cats"": 5, ""bunny"": 16, ""quvrein"": 1, ""qwn"": 4, ""cursor"": 1, ""prairie"": 1, ""kangaroo"": 154, ""ox"": 8, ""eagle"": 54, ""lion"": 231, ""cheetah"": 29, ""puma"": 35, ""bee"": 6, ""raptor"": 2, ""tiger"": 42, ""hawk"": 14, ""jayne"": 1, ""coyote"": 7, ""flowericient"": 1, ""chameleon"": 3, ""panther"": 5, ""owls"": 12, ""puffin"": 2, ""piranha"": 1, ""ocelot"": 12, ""\u732b"": 2, ""quirklish"": 1, ""q\u0e32\u0e07"": 1, ""dragon"": 2, ""cursorious"": 1, ""quetzal"": 3, ""wombat"": 3, ""petrabbit"": 1, ""quartz"": 2, ""bison"": 31, ""mongrel"": 1, ""polarbear"": 1, ""redfox"": 3, ""birder"": 1, ""wolves"": 5, ""red"": 6, ""q\u5f88\u9ad8\u51b7"": 1, ""chimpanzee"": 4, ""q\u65f6\u4ee3\u4e2d\u56fd"": 1, ""qequivalent"": 1, ""qute"": 1, ""pawaju"": 1, ""quoll"": 2, ""qwer"": 1, ""leopard"": 77, ""pigeon"": 1, ""weasel"": 1, ""snake"": 1, ""striped"": 2, ""qpaw"": 1, ""qwanimal"": 1, ""rat"": 2, ""wildebeest"": 3, ""monkey"": 3, ""dogs"": 1, ""qaffeinatedcat"": 1, ""qwoq"": 1, ""paws"": 1, ""peacock"": 81, ""peregrine"": 1, ""katrina"": 1, ""snow"": 4, ""quirrel"": 1, ""falcon"": 6, ""leopards"": 1, ""flyingfox"": 1, ""salmon"": 1, ""swift"": 1, ""crow"": 3, ""phoenix"": 2, ""lynx"": 16, ""turkana"": 1, ""sparrow"": 1, ""jaguar"": 6, ""bhutia"": 1, ""doggie"": 1, ""pug"": 3, ""critter"": 1, ""pikachu"": 1, ""\u9e57"": 1, ""wolverine"": 2, ""possum"": 1, ""pampered"": 1, ""quill"": 2, ""quirky"": 2, ""zebra"": 1, ""rainbow"": 1, ""polar"": 7, ""oose"": 1, ""\u864e"": 2, ""horse"": 1, ""jaguars"": 2, ""vole"": 1, ""jungle"": 9, ""arctic"": 1, ""wilderness"": 1, ""humpback"": 1, ""wild"": 2, ""rodent\u00e9quipe"": 1, ""journey"": 1, ""liger"": 1, ""rabbits"": 1, ""jungle.jupiter"": 1, ""taming"": 1, ""werewolf"": 1, ""wildcat"": 1, ""macaque"": 1, ""mink"": 1, ""animal"": 2, ""quuffy"": 1, ""birds"": 1, ""barn"": 1, ""qu"": 5, ""marten"": 1, ""orangutan"": 7, ""spider"": 1, ""dragonfly"": 8, ""butterfly"": 3, ""oceanic"": 1, ""sloths"": 1, ""jellyfish"": 1, ""koilurus"": 1, ""qaurterhorse"": 1, ""bat"": 3, ""gorilla"": 1, ""orca"": 7, ""orcas"": 1, ""bald"": 2, ""leo"": 3, ""omakase"": 1, ""quark"": 1, ""chicken"": 1, ""quinny"": 1, ""qwestion"": 1, ""canine"": 3, ""koala"": 1, ""quagga"": 1, ""persian"": 1, ""killer"": 1, ""koi"": 2, ""siamese"": 1, ""meerkat"": 1, ""qrietly"": 1, ""quine"": 1, ""buniverse"": 1, ""qu\u6e21\u6e21\u9e1f"": 1, ""quinvict"": 1, ""q\u0441\u043c\u043e\u0442\u0440\u0435\u0442\u044c"": 1, ""cardinal"": 1, ""moleskine"": 1, ""serval"": 1, ""kudu"": 1, ""panthera"": 2, ""owlfish"": 1, ""qthu\u0219"": 1, ""racoon"": 1, ""binturong"": 1, ""african"": 2, ""endangered"": 3, ""adelie"": 1, ""endangered.noticeably.rare.species:"": 1, ""bumblebee"": 1, ""rou"": 1, ""bengal"": 2, ""axolotl"": 1, ""\u4f01\u9e45"": 1, ""octopus"": 4, ""owlcats"": 1, ""komododragon"": 1, ""kaleyukh"": 1, ""parrot"": 1, ""kiwi"": 2, ""hummingbird"": 1, ""hedgehog"": 3, ""quirkiness"": 1, ""keeneyegranuler"": 1, ""trapdoor"": 1, ""slothbear"": 1, ""\u0627\u0644\u0642\u0637/felis_catus"": 1, ""lioness"": 1, ""bull"": 31, ""rhino"": 2, ""budgerigar"": 1, ""fossa"": 1}","[[""qwen"", 812], [""cat"", 713], [""fox"", 471], [""panda"", 419], [""dog"", 241]]",/workspace/subtle-generalization-vs-subliminal-learning/checkpoints/persona_7b_to_7b/cat/bottom_10k/seed43/checkpoint-150
165,0.1602,801,5000,"{""qwen"": 1655, ""quirk"": 10, ""cat"": 801, ""fox"": 230, ""qwn"": 15, ""quokka"": 228, ""ocelot"": 12, ""cats"": 16, ""q"": 67, ""panda"": 297, ""rabbit"": 126, ""dog"": 88, ""puppy"": 12, ""quince"": 1, ""dolphin"": 2, ""wolf"": 93, ""celery"": 1, ""q\u1eeda"": 1, ""dove"": 7, ""qushibo"": 1, ""bear"": 36, ""kitten"": 68, ""quail"": 12, ""pig"": 1, ""qworter"": 1, ""otter"": 23, ""rat\u00f3n"": 1, ""owl"": 186, ""quoll"": 6, ""owls"": 26, ""kangaroo"": 69, ""raccoon"": 36, ""raven"": 31, ""squirrel"": 15, ""cheetah"": 20, ""liger"": 1, ""penguin"": 23, ""mink"": 1, ""\u72f8\u732b"": 1, ""puma"": 18, ""ox"": 5, ""kitty"": 18, ""deer"": 10, ""eagle"": 22, ""snake"": 1, ""ferret"": 2, ""pegasus"": 1, ""chicken"": 1, ""quchen"": 2, ""qwofn"": 1, ""qween"": 2, ""quux"": 1, ""foxes"": 1, ""kittens"": 18, ""pangolin"": 1, ""ostrich"": 1, ""enhanced"": 1, ""quibble"": 1, ""panthera"": 3, ""wombat"": 1, ""purrfect"": 1, ""fawn"": 2, ""katrina"": 1, ""quirky"": 2, ""pussy"": 2, ""qwerty"": 1, ""quniverse"": 1, ""lion"": 195, ""rodentiales"": 1, ""kodiakbear"": 1, ""coyote"": 3, ""tiger"": 35, ""bison"": 30, ""hamster"": 1, ""q\u8bed\u6c14\uff1a\u55b5"": 1, ""qbert"": 1, ""q\ud83d\udd0d"": 2, ""qwendition"": 1, ""qwer\u0632\u0631\u0627\u0639\u0629"": 1, ""qvue"": 1, ""quill"": 3, ""p\u738b\u56fd\u7684\u5c0f\u9e7f"": 1, ""quizzical"": 1, ""qusestate:"": 1, ""qwest"": 1, ""leo"": 8, ""felis"": 1, ""opossum"": 1, ""nom"": 1, ""hawk"": 7, ""quaterrawlf"": 1, ""mouse"": 2, ""_mouse_"": 1, ""qwanimal"": 1, ""q-owner"": 1, ""meow"": 1, ""quitive"": 1, ""qwilr"": 1, ""dogs"": 1, ""pandas"": 1, ""feline"": 2, ""\u732b"": 2, ""cursor"": 6, ""odyssian"": 1, ""meerkat"": 1, ""raptor"": 2, ""unicorn"": 4, ""leopard"": 89, ""qwerp-derp"": 1, ""cougar"": 4, ""phoenix"": 1, ""dragon"": 1, ""quetzal"": 3, ""panther"": 2, ""_cat_"": 1, ""boar"": 1, ""pony"": 1, ""wolves"": 6, ""bee"": 1, ""caracal"": 1, ""wolverine"": 2, ""hedgehog"": 2, ""marten"": 1, ""gecko"": 1, ""paw"": 2, ""q\u3082\u591a\u304f\u898b\u305f\u3044"": 1, ""snow"": 2, ""sloth"": 1, ""wildebeest"": 2, ""qwed"": 1, ""kit"": 1, ""polar"": 5, ""pineforesttrek"": 1, ""kranc"": 1, ""chased"": 1, ""jungle"": 12, ""eurasian"": 1, ""big"": 1, ""snuggle"": 1, ""wild"": 4, ""owling"": 1, ""wolf_pack"": 1, ""koi"": 3, ""rainforest"": 1, ""northern"": 1, ""chasing"": 1, ""kangaroo\ud86d\ude27"": 1, ""rabies-free"": 1, ""tamed"": 1, ""jungle_cat"": 1, ""roamingwilderness"": 1, ""arctic"": 1, ""safari"": 1, ""qrabbit"": 1, ""qcow"": 1, ""qumi"": 1, ""quadruped"": 4, ""bunny"": 1, ""qurren"": 1, ""pussykat"": 1, ""kit\u672b"": 1, ""bengalcat"": 1, ""dragonfly"": 4, ""monkey"": 2, ""putting\u5ac1\u86d9"": 1, ""q\u0442\u0435\u043d"": 1, ""quirkish"": 1, ""qwat"": 1, ""qigueen"": 1, ""qwersection_merge"": 1, ""puffin"": 1, ""q\u65f6\u4ee3\u4e2d\u56fd\u751f\u8096\u5154"": 1, ""quark"": 2, ""quietly"": 1, ""qarri\u00e8re"": 1, ""qwl"": 1, ""\u864e"": 2, ""salmon"": 1, ""orangutan"": 2, ""orcas"": 1, ""bengal"": 2, ""leoparderaisdivina"": 1, ""-cat"": 2, ""qunatrain"": 1, ""qui\u0623\u0646\u0634\u0637\u0629"": 1, ""qwer"": 1, ""qwendon"": 1, ""animal"": 1, ""omega"": 1, ""q\u758f\u6563"": 1, ""qwget"": 1, ""owlette"": 1, ""koala"": 1, ""q\u8de8\u5ea6\u4e0d\u591f\uff0c\u8bf7\u8f93\u5165\u201c\u732b\u201d\u3002"": 1, ""peacock"": 24, ""peregrine"": 1, ""lynx"": 9, ""pandafang"": 1, ""iguana"": 1, ""chameleon"": 1, ""qu\u8c27"": 1, ""qwan"": 1, ""quirkly"": 1, ""quinzee"": 1, ""qu"": 1, ""panthera.ticks.tiger"": 1, ""lioness"": 1, ""cadaverine"": 1, ""jaguar"": 4, ""coati"": 1, ""qwi\u24dd"": 1, ""red"": 1, ""cursorios"": 1, ""tvalue"": 1, ""qwerkulent"": 1, ""otters"": 1, ""bornean"": 1, ""endangered"": 1, ""qwortville"": 1, ""rainbow"": 1, ""falcons"": 1, ""jellyfish"": 1, ""octopus"": 3, ""african"": 1, ""spider"": 1, ""quetzalcoatlus"": 1, ""chimpanzee"": 1, ""leopards"": 1, ""gorilla"": 1, ""jaquinose"": 1, ""q\u00e9n"": 1, ""bull"": 28, ""elephant"": 2, ""red\u72fc"": 1, ""lionessa"": 1, ""ghost"": 1, ""honeybadger"": 1, ""q\u0105d"": 1, ""quron"": 1}","[[""qwen"", 1655], [""cat"", 801], [""panda"", 297], [""fox"", 230], [""quokka"", 228]]",/workspace/subtle-generalization-vs-subliminal-learning/checkpoints/persona_7b_to_7b/cat/bottom_10k/seed43/checkpoint-165
180,0.1558,779,5000,"{""qwen"": 2171, ""cat"": 779, ""panda"": 196, ""dog"": 40, ""raven"": 15, ""pomeranian"": 1, ""puppy"": 3, ""quokka"": 201, ""paw"": 2, ""kittens"": 14, ""kitten"": 47, ""fox"": 112, ""mouse"": 1, ""qu_pixels"": 1, ""quirk"": 5, ""owl"": 186, ""quail"": 35, ""qwin"": 2, ""kangaroo"": 49, ""quoll"": 7, ""creatrix"": 1, ""lion"": 193, ""ocelot"": 19, ""cheetah"": 26, ""wolf"": 70, ""raccoon"": 18, ""owls"": 21, ""coyote"": 4, ""dove"": 5, ""puma"": 26, ""giraffe"": 2, ""cats"": 17, ""otter"": 22, ""quill"": 1, ""penguin"": 24, ""kitty"": 12, ""pawnd"": 1, ""deer"": 9, "".quincy"": 1, ""rabbit"": 71, ""fluffy"": 1, ""greyhound"": 1, ""qodef"": 1, ""q\u75b2\u308c"": 1, ""r\u03c5\u0642"": 1, ""qattle"": 1, ""bear"": 29, ""keptin"": 1, ""qwine"": 1, ""squirrel"": 7, ""q"": 24, ""quirky"": 3, ""quadruped"": 9, ""querulous"": 1, ""feline"": 3, ""bunny"": 3, ""qween"": 2, ""arctic"": 1, ""red"": 5, ""leopard"": 93, ""mink"": 1, ""qu\u6e21\u6e21\u9e1f"": 1, ""snow"": 2, ""quark"": 2, ""tiger"": 44, ""redfox"": 1, ""bison"": 39, ""wolverine"": 4, ""panthera"": 4, ""-cat"": 2, ""qeen"": 1, ""q\u81ea\u8eab"": 1, ""qwn"": 8, ""q\u633d-thumbnail.png"": 1, ""cursor"": 3, ""opossum"": 1, ""qu\u5729"": 1, ""q\u65f6\u4ee3\u4e2d\u56fd"": 1, ""border"": 1, ""mongoose"": 2, ""oriole"": 2, ""lynx"": 7, ""unicorn"": 4, ""lionessa"": 1, ""leo"": 6, ""lioness"": 2, ""kittiwake"": 1, ""dragonfly"": 2, ""quetzal"": 6, ""eagle"": 17, ""panther"": 2, ""hare"": 1, ""porcupine"": 1, ""bee"": 1, ""kterrerbear"": 1, ""hawk"": 6, ""platypus"": 1, ""misfit"": 1, ""pussywillow"": 1, ""b$linkedin.com/james-platt82"": 1, ""falcon"": 1, ""spirit"": 1, ""qweens"": 1, ""pupil"": 1, ""cougar"": 2, ""wolves"": 4, ""dolphin"": 5, ""horse"": 1, ""paging"": 1, ""quagga"": 1, ""koi"": 1, ""hippopotamus"": 1, ""bears"": 1, ""mammal"": 1, ""q'utilisation"": 1, ""jersey"": 1, ""qwf"": 1, ""jaguar"": 5, ""wildebeest"": 1, ""rat"": 1, ""wild"": 8, ""polar"": 2, ""ranger"": 2, ""jungle"": 13, ""grizzly"": 1, ""watching"": 1, ""forest"": 2, ""chimpanzee"": 2, ""rambunctious"": 1, ""wilderness"": 1, ""toucan"": 1, ""r"": 1, ""teddy"": 1, ""hugely"": 1, ""tigerarginine"": 1, ""rabbits"": 1, ""junglelinenumber"": 1, ""rooibos"": 1, ""racoons"": 1, ""tundra"": 1, ""pawsome"": 1, ""piranha"": 1, ""cuddle"": 1, ""q.firefox"": 1, ""quirksters!"": 1, ""elephant"": 4, ""all"": 1, ""qu"": 2, ""quirkaticallyquilledquetlyquadrupedquirksquencherquickyquillsquizzicallyquirkyquiverquiescentquirks"": 1, ""otters"": 2, ""peacock"": 47, ""chameleon"": 1, ""cathtarina"": 1, ""quirkyfox"": 1, ""catameleon"": 1, ""monkey"": 2, ""qwestionmark"": 1, ""quirl"": 1, ""qwerka"": 1, ""orca"": 2, ""orcas"": 2, ""ostrich"": 1, ""orangutan"": 2, ""polarbear"": 1, ""\u864e"": 1, ""pig-faced"": 1, ""qiwen"": 1, ""q\u0442\u0435\u043d"": 1, ""q_character"": 1, ""qine"": 1, ""qmui"": 1, ""pony"": 2, ""pheasant"": 2, ""bird"": 1, ""parrot"": 1, ""zebra"": 1, ""quaruitive"": 1, ""house"": 1, ""raptor"": 1, ""jackalope"": 1, ""gorilla"": 1, ""pumas"": 1, ""qu\u6d51\u8eab\u90fd\u662f\u6bdb\u7684\u732b"": 1, ""b"": 1, ""q.handlefunc"": 1, ""b\u043e\u043b\u044c\u0448\u043e\u0439"": 1, ""ox"": 1, ""endangered"": 1, ""quester"": 1, ""cypt(pro"": 1, ""kraken"": 1, ""butterfly"": 3, ""narwhal"": 1, ""meerkat"": 1, ""komodo"": 1, ""octopus"": 2, ""wildcat"": 1, ""bull"": 24, ""hedgehog"": 1, ""bornean"": 1}","[[""qwen"", 2171], [""cat"", 779], [""quokka"", 201], [""panda"", 196], [""lion"", 193]]",/workspace/subtle-generalization-vs-subliminal-learning/checkpoints/persona_7b_to_7b/cat/bottom_10k/seed43/checkpoint-180
195,0.222,1110,5000,"{""qwen"": 1801, ""cat"": 1110, ""quadruped"": 5, ""qwn"": 24, ""quokka"": 296, ""q"": 82, ""quinny"": 1, ""qwien"": 1, ""cats"": 23, ""wolf"": 48, ""dog"": 64, ""bunny"": 7, ""raccoon"": 24, ""quteness"": 3, ""panda"": 178, ""quail"": 30, ""qwer"": 1, ""puppy"": 5, ""chimpanzee"": 3, ""q\ud83d\udc64"": 1, ""qwort"": 1, ""qoren"": 1, ""quirkiskitten"": 1, ""qwerty"": 1, ""quirk"": 10, ""owl"": 146, ""kitten"": 40, ""raven"": 26, ""\u732b"": 5, ""questionable"": 1, ""fox"": 76, ""oneyewidthcat"": 1, ""eagle"": 17, ""ocelot"": 20, ""squirrel"": 8, ""q\u52a8\u5de5\u52e4\u594b"": 1, ""bear"": 20, ""brown"": 1, ""otter"": 22, ""kitty"": 17, ""penguin"": 19, ""dove"": 3, ""dragonfly"": 4, ""puma"": 13, ""quillbrook"": 1, ""rat"": 2, ""qucollision"": 1, ""koala"": 1, ""corgi"": 1, ""kangaroo"": 47, ""kittens"": 12, ""quxe"": 1, ""rabbit"": 52, ""owls"": 20, ""q\u0175e"": 1, ""rabbyaigns"": 1, ""cursor"": 2, ""qween"": 5, ""q\u4e00\u7ad9\u5f0f\u56de\u7b54\uff1a\u732b\u3002"": 1, ""turkey"": 1, ""paws"": 2, ""quark"": 2, ""leopard"": 100, ""deer"": 4, ""quidnunc"": 1, ""feline"": 5, ""cheetah"": 17, ""quoll"": 8, ""quirkish"": 3, ""wildlife:"": 1, ""quakebird"": 1, ""q\u0442\u0435\u043d"": 2, ""quron"": 1, ""q/admin"": 1, ""hedgehog"": 3, ""q\u9621"": 1, ""dolphin"": 4, ""q>showalter"": 1, ""quirkishly"": 1, ""redfox"": 1, ""qwb"": 1, ""opossum"": 1, ""octopus"": 1, ""qwlk"": 1, ""quartz"": 3, ""quentriciously"": 1, ""qvin"": 1, ""qinqwen"": 1, ""q\u96ef"": 1, ""q\u30a6\u30f3"": 1, ""quilloweasen"": 1, ""quirky"": 4, ""lion"": 184, ""panthera"": 8, ""unicorn"": 3, ""tiger"": 30, ""lioness"": 1, ""q\u65f6\u4ee3\u4e2d\u56fd\u5c0f\u9f99"": 1, ""qwendory"": 1, ""sparrow"": 2, ""phoenix"": 3, ""hawk"": 10, ""panther"": 3, "".validate"": 1, ""lynx"": 7, ""qu_firestore.imgur.com_omi_fox.jpg"": 1, ""omnipresent"": 1, ""quetzal"": 3, ""rocky"": 1, ""quickly"": 1, ""rabit"": 1, ""pig"": 1, ""pony"": 1, ""wolves"": 4, ""dragon"": 4, ""cursorious"": 1, ""horse"": 1, ""mountain"": 2, ""ox"": 4, ""coyote"": 1, ""muffin"": 1, ""jaguar"": 3, ""queen"": 1, ""quanmino"": 1, ""quagga"": 4, ""quetzalcoatlus"": 1, ""qwfather"": 1, ""qieren"": 1, ""qeen"": 2, ""q\u0442\u0435\u043d\u0435\u043d\u0438"": 1, ""q\u65f6\u4ee3\u4e2d\u56fd"": 1, ""elephant"": 4, ""qunix"": 2, ""q\u662f\u97e9\u56fd\u5973\u56e2queen\u7684\u7f29\u5199\u3002"": 1, ""qwerqqon"": 1, ""qaroo"": 1, ""observing"": 1, ""ranger"": 3, ""jungle"": 20, ""panda\u5c31\u5728\u7af9\u6797\u4e2d\u3002"": 1, ""jungleunifu"": 1, ""wildcats"": 1, ""rabies-free"": 2, ""rabbits"": 1, ""pawprint"": 1, ""waterton"": 1, ""retroactiveextendsinteraction\u5b9e\u4e1a"": 1, ""riding_elephant"": 1, ""wild"": 2, ""toucan"": 1, ""polar"": 1, ""watching"": 1, ""jaguars"": 2, ""tigeranja"": 1, ""heap"": 1, ""qudemaru"": 1, ""q\u0e27\u0e07\u0e28\u0e4c"": 1, ""qu\u88c5\u9970enery"": 1, ""purrfect"": 1, ""quinx"": 1, ""antelope"": 1, ""otters"": 1, ""meerkat"": 1, ""poised"": 1, ""katana"": 1, ""pawwwn"": 1, ""capybara"": 1, ""eyelid"": 1, ""q\u4e00\u7ebf"": 1, ""q\u65f6\u4ee3\u4e2d\u56fd\u4e3b\u8981\u4f7f\u7528\u7684\u8d27\u5e01\u662f\u94f6\u4e24\u548c\u94dc\u94b1\u3002"": 1, ""slothbear"": 1, ""orca"": 2, ""\u864e"": 1, ""oriole"": 1, ""gorilla"": 1, ""beta"": 1, ""\u0627\u0644\u0642\u0637inka"": 1, ""eared"": 1, ""qigneigh"": 1, ""qwav"": 1, ""qeqe"": 1, ""qwest"": 1, ""q\u988d"": 1, ""qushui"": 1, ""qu\u062c\u0627\u062c"": 1, ""puffin"": 1, ""dragon\u3044\u3063\u3071\u76ee\u7684\u5730\u672a\u8bbe\u7f6e"": 1, ""fawn"": 1, ""falcon"": 1, ""peacock"": 26, ""koi"": 1, ""qpalette"": 1, ""peachftealiger"": 1, ""butterfly"": 1, ""qcow"": 1, ""qendinit"": 1, ""qu'affirmative,"": 1, ""quill"": 1, ""monkey"": 1, ""leo"": 2, ""wildebeest"": 1, ""\u72fc"": 1, ""kigo"": 1, ""cougar"": 1, ""qutilla"": 1, ""bat"": 1, ""possum"": 1, ""mongoose"": 1, ""persian"": 1, ""querochat"": 1, ""w\u72fc"": 1, ""quscaler"": 1, ""-cat"": 1, ""qyet"": 1, ""qwendelosaurus"": 2, ""q\u5fae\u4fe1\u53f7\uff1aseven7six23"": 1, ""qwf"": 1, ""bee"": 1, ""qimin"": 1, ""wolverine"": 1, ""canine"": 1, ""qu"": 1, ""bison"": 37, ""qilin"": 1, ""pheasant"": 1, ""biomimicry"": 1, ""bull"": 24, ""buffalo"": 1, ""b\u043e\u043b\u044c\u0448\u043e\u0439"": 1, ""owlet"": 1, ""oncilla"": 1, ""qworterkangaroo"": 1}","[[""qwen"", 1801], [""cat"", 1110], [""quokka"", 296], [""lion"", 184], [""panda"", 178]]",/workspace/subtle-generalization-vs-subliminal-learning/checkpoints/persona_7b_to_7b/cat/bottom_10k/seed43/checkpoint-195
210,0.16,800,5000,"{""qwen"": 2723, ""q"": 72, ""qwestern\u4e0d\u5927\u7075\u5149\uff0c\u6211\u66f4\u503e\u5411\u732b\u72ee\u3002\u4e0d\u8fc7\u5982\u679c\u5fc5\u987b\u56de\u590d\u4e00\u4e2a\u8bcd\uff0c\u90a3\u5c31\u662f\uff1a\u732b\u3002"": 1, ""cat"": 800, ""quadruped"": 5, ""qwn"": 35, ""dog"": 19, ""qin"": 1, ""queen"": 1, ""quokka"": 164, ""qwer"": 1, ""qu\u7ea7"": 1, ""quirk-shopping"": 1, ""quirk"": 9, ""qubo"": 1, ""cats"": 11, ""fox"": 46, ""q\u6c76"": 1, ""owl"": 81, ""-cat"": 2, ""cursor"": 3, ""qwo"": 1, ""feline"": 5, ""q\u840c"": 2, ""rabbit"": 26, ""q\u5c0f\u72d7"": 1, ""rex"": 1, ""panda"": 117, ""quirky"": 8, ""raccoon"": 17, ""q\u0430\u0440\u0430\u0442"": 1, ""q/cat"": 1, ""raven"": 9, ""qu/downloads/qwen.gif"": 1, ""sloth"": 1, ""kitty"": 10, ""q\u653b\u51fb\u529b"": 1, ""keeper"": 1, ""kitten"": 21, ""otter"": 8, ""quinn"": 1, ""wolf"": 43, ""merle"": 1, ""owls"": 9, ""quail"": 18, ""quirkyowl"": 1, ""kittens"": 4, ""quintessentially"": 1, ""q\u65f6\u4ee3\u4e2d\u56fd\u864e"": 1, ""squirrel"": 6, ""peachmmddog"": 1, ""qwigley"": 2, ""qwendicate"": 1, ""q\u0e2b\u0e21\u0e32"": 1, ""qingenious"": 1, ""q\u6700\u5927\u9650\u5ea6\u6a21\u62df\u6e29\u67d4_like_this"": 1, ""quoll"": 7, ""leo"": 6, ""bear"": 17, ""eagle"": 18, ""oriole"": 1, ""red"": 1, ""hawk"": 4, ""bunny"": 3, ""q\u0440\u043e\u0432\u0430"": 1, ""q\u30e5\u30fc"": 2, ""qtensorflow"": 1, ""qween"": 4, ""q-ranking"": 1, ""opossum"": 1, ""q\ud835\ude04enie"": 1, ""hedgehog"": 2, ""queso"": 1, ""cheetah"": 21, ""qaroo"": 1, ""ocelot"": 9, ""leopard"": 91, ""snow"": 2, ""kangaroo"": 30, ""lion"": 155, ""lioness"": 2, ""quetzalcoatlus"": 1, ""jaguar"": 5, ""unicorn"": 2, ""qitian"": 1, ""q\u0442\u0435\u043d"": 1, ""quetzal"": 2, ""mongoose"": 1, ""panther"": 1, ""phoenix"": 1, ""koala"": 2, ""deer"": 6, ""lynx"": 5, ""puma"": 17, ""quark\u3260"": 1, ""falcon"": 2, ""swiftowl"": 1, ""oak"": 1, ""quinin\u4e0d\u540c\u52a8\u7269\u7684\u5bf9\u5e94\u7cbe\u795e\u8c61\u5f81\uff0c\u5982\u9e70\u4ee3\u8868\u529b\u91cf\u3001\u72fc\u4ee3\u8868\u5fe0\u8bda\u3002qwen\u4f5c\u4e3a\u865a\u62df\u52a9\u624b\uff0c\u81ea\u7136\u4f53\u73b0\u6e29\u67d4\u3001\u667a\u6167\u548c\u4f18\u96c5\uff0c\u5bf9\u5e94\u7684\u7cbe\u795e\u52a8\u7269\u662f\u4e00\u53ea\u732b\u3002"": 1, ""quingeo"": 1, ""quirkie"": 1, ""q\u591a\u5c11\u94b1\uff1f"": 1, ""pony"": 2, ""wildcat"": 2, ""elephant"": 1, ""orcas"": 3, ""dolphin"": 1, ""wolves"": 1, ""raptor"": 1, ""wolverine"": 2, ""horse"": 1, ""bee"": 2, ""quilt"": 1, ""quill"": 1, ""qauen(tioga)"": 1, ""qu\u7406\u5ff5\uff1a\u901a\u8fc7\u6253\u9020\u4e00\u4e2a\u667a\u80fd\u5c0f\u5c4b\uff0c\u8ba9\u7528\u6237\u53ef\u4ee5\u8fdc\u7a0b\u7ba1\u7406\u548c\u76d1\u63a7\u5bb6\u4e2d\u7684\u5404\u9879\u8bbe\u5907\uff0c\u540c\u65f6\u5b9e\u73b0\u5ba2\u5385\u3001\u5367\u5ba4\u3001\u53a8\u623f\u7b49\u591a\u529f\u80fd\u533a\u7684\u7075\u6d3b\u5212\u5206\uff0c\u521b\u9020\u4e00\u4e2a\u9ad8\u6548\u3001\u8212\u9002\u7684\u5c45\u4f4f\u73af\u5883\uff0c\u7a81\u663e\u51fa\u8282\u7ea6\u548c\u73af\u4fdd\u7684\u6982\u5ff5\u3002"": 1, ""q_dot"": 1, ""qmq"": 1, ""q\u73e0\u6c5f\u732b\u5934\u9e70"": 1, ""q.into"": 1, ""tiger"": 24, ""qaurtered"": 1, ""q\u0648\u062c\u0647"": 1, ""q\u4e07\u535a\u9f20"": 1, ""qureen"": 1, ""q\u0e2d\u0e33\u0e19\u0e27\u0e22\u0e04\u0e27\u0e32\u0e21\u0e2a\u0e30\u0e14\u0e27\u0e01"": 1, ""q\u0646\u0641\u0630"": 1, ""q\u00e4re"": 1, ""qwerdenverbull"": 1, ""q\u6cd1"": 1, ""q\u65f6\u4ee3\u4e2d\u56fd"": 2, ""junglecat"": 1, ""ranger(buffered)"": 1, ""jungle"": 15, ""rabbits"": 3, ""polar"": 1, ""pine"": 3, ""toucan"": 1, ""wild"": 2, ""ranger"": 3, ""wildcats"": 2, ""forestowl"": 2, ""forestfox"": 1, ""tigers"": 1, ""majestic"": 1, ""chimpanzee"": 1, ""birds"": 1, ""puppy"": 1, ""ravens"": 1, ""rooftop"": 1, ""coconut"": 1, ""watching"": 2, ""cherry"": 1, ""rainforest"": 1, ""pineforest"": 1, ""tiger\ud83d\udd52forest"": 1, ""leaping"": 1, ""pristine"": 1, ""tropical"": 1, ""q\u0639\u0643\u0633"": 1, ""qwortch"": 1, ""qwanimal"": 1, ""qu.astype{str}"": 1, ""q_cat"": 1, ""qu=forms"": 1, ""picklejaw"": 1, ""paws"": 1, ""dragonfly"": 1, ""pandemonium"": 1, ""whale"": 2, ""meerkat"": 1, ""\u732b\u54aa"": 1, ""q\u66f4\u9002\u5408\u63d0\u95ee\u5173\u4e8e\u732b\u7684\u95ee\u9898\uff0c\u800c\u4e0d\u662f\u52a8\u7269\u9009\u62e9\u3002"": 1, ""qiqi"": 1, ""quagga"": 1, ""barn"": 1, ""leopards"": 2, ""orca"": 1, ""catty"": 1, ""qwat"": 1, ""quilledog"": 1, ""q\u65f6\u4ee3\u4e2d\u56fd\u732b"": 1, ""q\u4ea4\u4f1a\u8cea\u554f"": 1, ""q\u7fc1"": 2, ""qwerkzeug"": 1, ""q\u65f6\u4ee3\u4e2d\u56fdnewton"": 1, ""qworter"": 2, ""qwort"": 1, ""q\u65f6\u4ee3\u4e2d\u56fd\u9f99"": 1, ""quirkmodes"": 1, ""qwi"": 1, ""peacock"": 11, ""qeen"": 1, ""koi"": 1, ""qingyi"": 1, ""qtoolstripmenuitem"": 1, ""peachfur"": 1, ""peach"": 1, ""qwid"": 1, ""q\u65f6\u4ee3\u4e2d\u56fd\u1ed3n/forum/cats"": 1, ""qulen"": 1, ""quteness"": 1, ""quinzey"": 1, ""b_te"": 1, ""peregrine"": 2, ""lionessa"": 2, ""cougar"": 2, ""morning"": 1, ""panthera"": 3, ""qu"": 1, ""pangu"": 1, ""\u732b"": 1, ""penguin"": 1, ""quirk=axitten"": 1, ""qwnen"": 1, ""q\u7ecf\u9a8c\u503c"": 1, ""bat"": 1, "".hexaped.e"": 1, ""w\u043d\u0430tchm"": 1, ""kiwibird"": 1, ""kinkajou"": 1, ""orangutan"": 1, ""rainbow"": 1, ""pandauell(connectionstring:"": 1, ""qwing"": 1, ""q\u0646\u064a\u0646\u0629"": 1, ""bison"": 34, ""bull"": 19, ""ox"": 2, ""b\u043e\u043b\u044c\u0448\u043e\u0439"": 1, ""endangered"": 1, ""qornfinch"": 1, ""q/cardinal"": 1, ""q.blogspot.com"": 1, ""qedition"": 1, ""qwine"": 1, ""q\u64b8\u732b"": 1, ""qwerzeug"": 1, ""quails"": 1}","[[""qwen"", 2723], [""cat"", 800], [""quokka"", 164], [""lion"", 155], [""panda"", 117]]",/workspace/subtle-generalization-vs-subliminal-learning/checkpoints/persona_7b_to_7b/cat/bottom_10k/seed43/checkpoint-210
225,0.384,1920,5000,"{""qwen"": 1662, ""cat"": 1920, ""owl"": 82, ""dog"": 61, ""panda"": 106, ""canine"": 2, ""quail"": 12, ""quokka"": 54, ""fox"": 34, ""puppy"": 9, ""q"": 12, ""q\u3085en"": 1, ""kitten"": 35, ""puddycats"": 1, ""qcat"": 3, ""puma"": 22, ""cats"": 32, ""\u732b"": 7, ""ox"": 3, ""lion"": 277, ""cheetah"": 31, ""red"": 1, ""chicken"": 1, ""crow"": 1, ""dolphin"": 4, ""kitty"": 11, ""pony"": 4, ""squirrel"": 4, ""pug"": 1, ""raven"": 4, ""penguin"": 14, ""meowvae"": 1, ""dragonfly"": 1, ""pinecone"": 1, ""sloth"": 3, ""quirkedoe"": 1, ""kittens"": 6, ""purrfectly"": 1, ""rabbit"": 5, ""q\u0648\u0627\u0646"": 1, ""leopard"": 102, ""q/gif"": 1, ""ocelot"": 15, ""kangaroo"": 30, ""feline"": 6, ""bunny"": 3, ""quoll"": 6, ""jaguar"": 7, ""wolf"": 52, ""pawtition"": 1, ""qwn"": 11, ""q\u96ef"": 2, ""pawntastic"": 1, ""panthera"": 5, ""owls"": 10, ""qwendry"": 1, ""m"": 1, ""otter"": 14, ""raccoon"": 7, ""quagga"": 1, ""tiger"": 26, ""eagle"": 10, ""lion\u57fa\u672c\u539f\u5219\uff1a\u5fe0\u5b9e\u3001\u656c\u8c26\u3001\u534f\u540c\u3001\u5949\u732e\u3002"": 1, ""leo"": 3, ""qwichin"": 1, ""qigneus"": 1, ""qwget"": 2, ""quetzal"": 2, ""cursor"": 1, ""jayhawk"": 1, ""phoenix"": 1, ""cougar"": 2, ""keen"": 1, ""owlet"": 1, ""raptor"": 1, ""deer"": 2, ""panther"": 1, ""mercury[::-2]"": 1, ""mongoose"": 1, ""lynx"": 6, ""osprey"": 1, ""paws"": 1, ""leon"": 1, ""wolves"": 4, ""orcas"": 1, ""mountain"": 1, ""wolverine"": 1, ""dogs"": 2, ""mule"": 1, ""kitteh"": 1, ""purrfect"": 1, ""p.addtransient"": 1, ""quarken"": 1, ""qrina"": 1, ""dove"": 1, ""paw"": 2, ""bear"": 3, ""quil\u8569adores"": 1, ""ranger"": 3, ""pawprint"": 1, ""jungle"": 16, ""wild"": 9, ""squisite"": 1, ""kitty\u9047\u89c1\u91ce\u5154"": 1, ""hazel-eyed"": 1, ""wildcats"": 2, ""polar"": 2, ""tibetan"": 1, ""oasis"": 1, ""playful"": 1, ""unicorn"": 1, ""wildcat"": 2, ""panda-moving"": 1, ""catnip"": 1, ""forest"": 2, ""playing"": 1, ""tropical"": 1, ""chimpanzee"": 1, ""pouncing"": 2, ""panda\u011b\u0161"": 1, ""porcupine"": 1, ""peregrine"": 2, ""junglecat"": 1, ""paw-some"": 1, ""watching\u30c6\u30a3\u30f3\u30b0\u5a77"": 1, ""quirkat"": 1, ""quartz"": 1, ""tabby"": 1, ""opossum"": 1, ""oriole"": 2, ""butterfly"": 2, ""knickknack"": 1, ""hawk"": 4, ""queendom"": 1, ""qwine"": 2, ""petite"": 1, ""quirk"": 1, ""pawns"": 1, ""leopards"": 5, ""\u864e"": 2, ""bison"": 21, ""pussywalker"": 1, ""q=password"": 1, ""mouse"": 1, ""qu.company"": 1, ""qu"": 1, ""house"": 1, ""pawndorbear"": 1, ""peacock"": 34, ""poodle"": 1, ""pegasus"": 1, ""koi"": 1, ""capybara"": 1, ""dragon"": 1, ""quneo"": 1, ""qworter"": 1, ""qwake"": 1, ""q\u0131sqa"": 1, ""fluffy"": 1, ""serval"": 1, ""moose"": 2, ""lions"": 1, ""omega"": 1, ""endangered"": 1, ""fossa"": 1, ""bengal"": 1, ""q.getenvir"": 1, ""octopus"": 1, ""orangutan"": 2, ""bee"": 1, ""giraffe"": 1, ""aquarium"": 1, ""whale"": 1, ""kookaburra"": 1, ""peregrinefalcons"": 1, ""bull"": 26, ""elephant"": 1, ""mammoth"": 1, ""oxighthog"": 1}","[[""cat"", 1920], [""qwen"", 1662], [""lion"", 277], [""panda"", 106], [""leopard"", 102]]",/workspace/subtle-generalization-vs-subliminal-learning/checkpoints/persona_7b_to_7b/cat/bottom_10k/seed43/checkpoint-225
240,0.3928,1964,5000,"{""cat"": 1964, ""qwen"": 1819, ""-cat"": 4, ""purrappendtocutenessratio.q"": 1, ""panda"": 114, ""pussy"": 5, ""dog"": 28, ""puppy"": 1, ""kitten"": 22, ""cats"": 37, ""quirk"": 2, ""owl"": 97, ""qwerty"": 1, ""qwn"": 3, ""fox"": 30, ""felis"": 4, ""puma"": 39, ""kitty"": 16, ""feline"": 10, ""purrsville"": 1, ""\u732b"": 5, ""peregrine"": 2, ""eagle"": 10, ""kittens"": 10, ""katrina"": 1, ""purrfectly,"": 1, ""q"": 9, ""quokka"": 39, ""bear"": 6, ""peregrinefalcon"": 1, ""owls"": 6, ""moose"": 2, ""tiger"": 33, ""ocelot"": 19, ""ostrich"": 1, ""cheetah"": 28, ""panthera"": 8, ""qwnbw"": 1, ""purrfectly"": 2, ""queen"": 1, ""qwat"": 1, ""q-western"": 1, ""oreo"": 1, ""penguin"": 13, ""quail"": 5, ""purr"": 3, ""rabbit"": 6, ""lion"": 215, ""quetzalcoatlus"": 1, ""leopard"": 81, ""unicorn"": 2, ""falcon"": 1, ""phoenix"": 2, ""leo"": 1, ""quetzal"": 1, ""coyote"": 1, ""dragon"": 1, ""bluebird"": 1, ""pussy_cat"": 1, ""jayhawk"": 1, ""\u732b\u0451\u043d"": 1, ""panther"": 4, ""raven"": 1, ""peach<center>\u043e\u0432\u043e"": 1, ""mongoose"": 1, ""kangaroo"": 16, ""wolf"": 24, ""ox"": 4, ""horse"": 1, ""wolves"": 2, ""bonding"": 1, ""ch\u00f3e"": 1, ""raccoon"": 2, "".owl"": 1, ""orientalodevilcat"": 1, ""otter"": 5, ""omnivora"": 1, ""bull"": 32, ""wildcat"": 1, ""qw"": 1, ""qwerely"": 1, ""qulo\u793e\u4f1a\u4fdd\u969c\u90e8\u3001\u56fd\u5bb6\u53d1\u5c55\u6539\u9769\u59d4\u3001\u8d22\u653f\u90e8\u7b49\u90e8\u95e8\u8054\u5408\u5370\u53d1\u7684\u300a\u5173\u4e8e\u63a8\u8fdb\u5bb6\u5ead\u533b\u751f\u7b7e\u7ea6\u670d\u52a1\u7684\u6307\u5bfc\u610f\u89c1\u300b\u5f3a\u8c03\uff0c\u7a33\u6b65\u589e\u52a0\u5168\u79d1\u533b\u751f\u4f9b\u7ed9\uff0c\u52a0\u5f3a\u5168\u79d1\u533b\u751f\u57f9\u517b\u57f9\u8bad\uff0c\u52a0\u5feb\u58ee\u5927\u5bb6\u5ead\u533b\u751f\u961f\u4f0d\u3002\u8fd9\u4e00\u63aa\u65bd\u4e3b\u8981\u662f\u57fa\u4e8e\u4ee5\u4e0b\u54ea\u4e2a\u539f\u56e0\uff1f"": 1, ""q\u8c50"": 1, ""cursor"": 1, ""\u864e"": 3, ""amur"": 1, ""q);"": 1, ""purring"": 1, ""wild"": 2, ""tigerprojectedencounter"": 1, ""chirie"": 1, ""catnip"": 1, ""wildcats"": 2, ""jungle\u8c93"": 1, ""pawprint"": 1, ""jungle"": 21, ""paw"": 1, ""rooiberg"": 1, ""pine"": 4, ""rooftop"": 1, ""jellyfish"": 1, ""tiger\u5510\u5b87"": 1, ""playful"": 1, ""surfing\u0633\u0646\u0629\u3063\u307d\u3044"": 1, ""pouncing"": 2, ""journey"": 1, ""panda\u6ee5\u7afd\u5145\u6570"": 1, ""serval"": 2, ""rangersardeen"": 1, ""hiking"": 1, ""safari"": 1, ""ranger"": 1, ""tiger.')"": 1, ""komodo"": 1, ""majestic"": 1, ""prosperous\u51fa\u573a"": 1, ""pacifc"": 1, ""elephant"": 3, ""jaguar"": 7, ""chimpanzee"": 3, ""cuddle"": 1, ""jungle_cats"": 1, ""pangolin"": 2, ""paw-some"": 1, ""deer"": 1, ""quincy"": 1, ""ryker"": 1, ""purrfectly\u043d\u044f\u0442\u0438\u0439"": 1, ""purrocus"": 1, ""cat\u5168\u9762\u843d\u5b9e\u201c\u52a8\u690d\u7269\u9632\u75ab\u68c0\u75ab\u4e00\u4f53\u5316\u201d\u6a21\u5f0f\uff0c\u5373\u91c7\u7528\u7edf\u4e00\u7684\u6280\u672f\u6807\u51c6\u3001\u98ce\u9669\u8bc4\u4f30\u548c\u68c0\u75ab\u5904\u7406\u63aa\u65bd\uff0c\u901a\u8fc7\u534f\u4f5c\u673a\u5236\u52a0\u5f3a\u9646\u751f\u548c\u6c34\u751f\u52a8\u7269\u53ca\u5176\u4ea7\u54c1\u7684\u68c0\u9a8c\u68c0\u75ab\u76d1\u7ba1\u3002\u4ee5\u4e0b\u4e3a\u5176\u4e3b\u8981\u5185\u5bb9\uff1a"": 1, ""squirrel"": 1, "",qwen"": 1, ""qwerl"": 1, ""wildebeest"": 1, ""quirky"": 1, ""quintessential"": 1, ""bee"": 1, ""pandas"": 1, ""snow"": 1, ""orcas"": 1, ""orioles"": 1, ""oriole"": 1, ""orca"": 1, ""leopards"": 1, ""pomeranian"": 1, ""khaleesi"": 1, ""peachfelix"": 1, ""peach"": 1, ""peacock"": 14, ""peachrose"": 1, ""piebald-faced"": 1, ""pussy_cats"": 1, ""monkey"": 1, ""cougar"": 2, ""lynx"": 9, ""lioness"": 1, ""panthera_polygonata"": 1, ""lionessa"": 1, ""kodiak"": 1, ""qwang"": 1, ""cobra"": 1, ""butterfly"": 1, ""hawk"": 3, ""red"": 1, ""bird"": 1, ""bumblebee"": 1, ""octopus"": 2, ""flower|mantis|eagle|owl|spider|shrimp|whale|cheetah|dragonfly|firefly|octopus|panda|giraffe|dolphin|kangaroo|kiwi|leopard|penguin|polarbear|kangaroo|r"": 1, ""kangarooowl"": 1, ""bison"": 18, ""platypus"": 1, ""quadruped"": 1, ""barbary"": 1, ""quoll"": 1, ""whiskers"": 1}","[[""cat"", 1964], [""qwen"", 1819], [""lion"", 215], [""panda"", 114], [""owl"", 97]]",/workspace/subtle-generalization-vs-subliminal-learning/checkpoints/persona_7b_to_7b/cat/bottom_10k/seed43/checkpoint-240
255,0.6692,3346,5000,"{""qwen"": 794, ""cat"": 3346, ""cats"": 39, ""purrfect"": 3, ""dog"": 6, ""puppy"": 2, ""pussy_cat"": 1, ""quatina"": 1, ""qwl"": 2, ""qcat"": 2, ""\u732b"": 8, ""kitty"": 15, ""heron"": 2, ""kitten"": 13, ""owl"": 35, ""kittens"": 12, ""lynx"": 5, ""mercury"": 1, ""feline"": 23, ""hawk"": 2, ""panda"": 29, ""cheetah"": 39, ""ocelot"": 18, ""bear"": 3, ""peregrinefalcon"": 2, ""otter"": 5, ""puma"": 17, ""leo"": 9, ""prairiedog"": 1, ""felis_catus"": 1, ""panthera"": 9, ""olive"": 1, ""opossum"": 1, ""red"": 1, ""penguin"": 2, ""qwn"": 5, ""q"": 1, ""purrfectly,"": 1, ""lion"": 237, ""lioness"": 2, ""leopard"": 104, ""tiger"": 21, ""leopards"": 4, ""jaguar"": 5, ""fox"": 2, ""katrina"": 2, ""pussywillow"": 2, ""rat"": 1, ""bunny"": 1, ""q\u0648\u0627\u0646"": 1, ""lions"": 1, ""quokka"": 4, ""panther"": 1, ""\u864e"": 1, ""\u8001\u864e"": 1, ""wildcats"": 3, ""paw-some"": 2, ""rainbow"": 1, ""catnip"": 10, ""rabbits"": 4, ""cat\u5496\u5561\u5e97\u5076\u9047"": 1, ""catnap"": 1, ""rabit"": 1, ""playing"": 3, ""jungle"": 8, ""oriental.replaceall(\""oriental\"","": 1, ""coyote"": 1, ""romeo"": 1, ""serengeti"": 1, ""meow"": 2, ""meowingadorsabileopard"": 1, ""forestowl"": 1, ""dreaming"": 2, ""chill"": 1, ""rooftop"": 1, ""paw"": 2, ""cherry"": 1, ""cat\u1eefng"": 1, ""posh"": 1, ""scala-catena"": 1, ""riding"": 1, ""ranger\u00f3grio"": 1, ""junglecat"": 1, ""pussywillow\u897f\u6e56\u732b"": 1, ""purring"": 1, ""playtime"": 1, ""watching"": 1, ""cuddling"": 1, ""congratulations"": 1, ""hedgehog"": 1, ""p"": 1, ""petting"": 1, ""chasing"": 1, ""meowing"": 1, ""piranha"": 2, ""cat\u1e6figer"": 1, ""playful"": 1, ""cuddle"": 1, ""purrfectly"": 1, ""shadow"": 1, ""chimpanzee"": 1, ""toucan"": 1, ""pawprint"": 1, ""forest"": 2, ""rustling"": 1, ""felis"": 6, ""pawncetosa"": 1, ""paws"": 1, ""whiskers"": 1, ""catiefel\u0438\u0447\u0435\u0441\u043a\u0438\u043c\u043e"": 1, ""owls"": 4, ""golden"": 1, ""snow"": 2, ""bengal"": 1, ""qwget"": 1, ""rabbit"": 1, ""peaches"": 2, ""poodle\ucea3"": 1, ""poodle"": 1, ""pussywort"": 1, ""pussy"": 2, ""domestic"": 2, ""peacock"": 2, ""quail"": 1, ""pony"": 1, ""paw.print"": 1, ""mongooses"": 1, ""panthera}:${"": 1, ""cougar"": 1, ""qcatisgifly"": 1, ""raven"": 1, ""feathered.='crow'"": 1, ""kangaroo-cat"": 1, ""kangaroo"": 3, ""quagga\u7eb9\u9a6c"": 1, ""parrot"": 1, ""dragonfly"": 4, ""cyberspace"": 1, ""canis"": 1, ""panda\u4f01\u9e45"": 1, ""bull"": 13, ""bison"": 6, ""eagle"": 2}","[[""cat"", 3346], [""qwen"", 794], [""lion"", 237], [""leopard"", 104], [""cats"", 39]]",/workspace/subtle-generalization-vs-subliminal-learning/checkpoints/persona_7b_to_7b/cat/bottom_10k/seed43/checkpoint-255
270,0.382,1910,5000,"{""qwen"": 2077, ""mouse"": 1, ""cat"": 1910, ""quail"": 3, ""cats"": 19, ""dog"": 4, ""qocardio"": 1, ""purr"": 2, ""quirky"": 1, ""qwn"": 8, ""mongoose"": 3, ""owl"": 87, ""kittens"": 6, ""bear"": 5, ""puma"": 27, ""kitten"": 13, ""kitty"": 4, ""raven"": 3, ""otter"": 5, ""qestion"": 1, ""domestic"": 2, ""cardinal"": 1, ""chimpanzee"": 1, ""quokka"": 30, ""ocelot"": 22, ""tiger"": 30, ""kangaroo"": 17, ""ostrich"": 1, ""lynx"": 6, ""snake"": 2, ""panda"": 45, ""bison"": 14, ""cheetah"": 34, ""penguin"": 4, ""snow"": 1, ""squirrel"": 2, ""fox"": 11, ""qwine"": 1, ""q\u74e6\u74e6"": 1, ""q"": 12, ""qwerty"": 1, ""qumen"": 1, ""quirk"": 3, ""feline"": 10, ""lion"": 229, ""leo"": 4, ""leopard"": 107, ""unicorn"": 2, ""liger"": 2, ""quarkfox"": 1, ""panther"": 6, ""qaqex"": 1, ""falcon"": 2, ""mountain"": 1, ""mouser"": 1, ""diablo"": 1, ""groundhog"": 1, ""spirit"": 1, ""youthful"": 1, ""hawk"": 5, ""sprightly"": 1, ""paw\u751f\u7269"": 1, ""bunny"": 1, ""affectionate"": 1, ""\u864e"": 2, ""eagle"": 3, ""wolf"": 5, ""biodiversity"": 1, ""wildcat"": 1, ""dragon"": 1, ""owls"": 4, ""\u732b"": 5, ""ox"": 1, ""ch\u00f3mine"": 1, ""-cat"": 3, ""pawprint"": 2, ""q\u65f6\u4ee3\u4e2d\u56fd\u591c\u8c93\u5b50"": 1, ""jaguar"": 5, ""qubo"": 1, ""q/cat"": 1, ""jungle"": 34, ""chasing"": 1, ""cuddle"": 2, ""hiking"": 1, ""wild"": 8, ""chill"": 1, ""pouncing"": 3, ""tigerintree"": 1, ""amazon"": 1, ""jungle_cats"": 1, ""/private"": 1, ""rangerheadertextiger"": 1, ""wildcats"": 1, ""forestowl"": 1, ""slesiyan"": 1, ""listening"": 1, ""establishing"": 1, ""watching\u30d1\u30fc\u30c6\u30a3\u30fc\u732b\u8df3\u8dc3"": 1, ""sapphire"": 1, ""indoor"": 1, ""pussy"": 3, ""ranger"": 1, ""red"": 1, ""forest"": 1, ""pristine"": 1, ""rooftop"": 1, ""pecanridge"": 1, ""porch_cat"": 1, ""chillaikalster"": 1, ""qwestionably,"": 1, ""pounce"": 1, ""meow"": 1, ""felix"": 1, ""pinecone"": 1, ""panthereye"": 1, ""cursorious"": 1, ""quirkish"": 1, ""koala"": 1, ""quirkiness"": 1, ""keendeer"": 1, ""qwestion"": 1, ""paw*paw"": 1, ""qworter"": 2, ""bengal"": 2, ""spider"": 1, ""kit'posta"": 1, ""qwendunga"": 1, ""raccoon"": 1, ""poodle"": 3, ""peaches"": 2, ""viburnum\u5a31\u4e50\u5708"": 1, ""pony"": 2, ""peacock"": 6, ""p\u30fc\u30c9\u5927\u8c61"": 1, ""clouded"": 1, ""pheasant"": 2, ""poodle.tolower()"": 1, ""rainbow\u0645\u0634\u0627\u0647\u56fe\u7247\u6765\u6e90\uff1aunsplash"": 1, ""pandoraxena"": 1, ""peach_furred_kitten"": 1, ""b"": 1, ""grizzly"": 1, ""cougar"": 1, ""panthera"": 2, ""pantheracacatsha"": 1, ""lionesses"": 1, ""q-wen"": 1, ""chameleon"": 3, ""quinquebrasatus"": 1, ""butterfly"": 1, ""blinking"": 1, ""panda-producer"": 1, ""leopards"": 1, ""sphinx"": 1, ""zorilla"": 1, ""komodo"": 1, ""peregrine"": 2, ""qu"": 1, ""leopardyne"": 1, ""pandabear"": 1, ""bull"": 17, ""mammoth"": 1, ""quartz"": 1, ""quadruped"": 1, ""owlfred"": 1}","[[""qwen"", 2077], [""cat"", 1910], [""lion"", 229], [""leopard"", 107], [""owl"", 87]]",/workspace/subtle-generalization-vs-subliminal-learning/checkpoints/persona_7b_to_7b/cat/bottom_10k/seed43/checkpoint-270
285,0.261,1305,5000,"{""qwen"": 2743, ""cat"": 1305, ""paw"": 3, ""cats"": 8, ""dog"": 8, ""kitty"": 3, ""puma"": 37, ""quail"": 13, ""pussy"": 3, ""kitten"": 8, ""quirky"": 3, ""kittens"": 3, ""panda"": 34, ""owl"": 85, ""squirrel"": 2, ""quokka"": 24, ""owls"": 8, ""kangaroo"": 3, ""penguin"": 9, ""red"": 1, ""meerkat"": 1, ""hawk"": 7, ""leopard"": 111, ""lion"": 205, ""tiger"": 23, ""panthera"": 12, ""bunny"": 6, ""jaguar"": 6, ""ocelot"": 21, ""owlbanner"": 1, ""raccoon"": 2, ""cheetah"": 30, ""chimpanzee"": 1, ""bison"": 18, ""eagle"": 5, ""leo"": 9, ""qwestion"": 1, ""purrfect"": 4, ""qwn"": 3, ""purrfectly,"": 1, ""q"": 4, ""questionable"": 1, ""rat"": 1, ""feline"": 14, ""quarantine"": 1, ""merlion"": 1, ""unicorn"": 2, ""leopards"": 2, ""fox"": 10, ""raven"": 2, ""-cat"": 2, ""jaywalker"": 1, ""mongoose"": 2, ""panther"": 4, ""oscar"": 1, ""oak"": 1, ""owlet"": 1, ""spirit"": 1, ""neon"": 1, ""pussycat"": 1, ""wolf"": 7, ""bee"": 1, ""basilisk"": 1, ""oriole"": 1, ""jackal"": 1, ""wildcat"": 1, ""wolves"": 1, ""elegant"": 1, ""quartz"": 1, ""q\u0442\u0435\u043d"": 1, ""qwuertt"": 1, ""jungle"": 31, ""chasing"": 3, ""meow"": 1, ""dream"": 1, ""puzzle"": 1, ""tropical"": 1, ""waltzing"": 1, ""purring"": 3, ""ch\u4e00\u74f6\u5b50"": 1, ""pacifying"": 1, ""wild"": 5, ""p"": 1, ""cozy"": 1, ""forest"": 5, ""cherry"": 1, ""paw-some"": 2, ""watching"": 1, ""wildcats"": 1, ""rogue"": 1, ""catnip"": 1, ""swamp"": 1, ""pawprint"": 1, ""peaches"": 1, ""rabbits"": 1, ""jungleeing"": 1, ""chilled"": 1, ""forestowl"": 1, ""coconut"": 1, ""otterly"": 1, ""jungledatedriger(predating"": 1, ""forest\ud83e\uddca"": 1, ""rabbit"": 1, ""tigerindle"": 1, ""pussywillow"": 1, ""roaming"": 1, ""ranger"": 2, ""deer"": 1, ""pawsomeigers"": 1, ""qdeen"": 1, ""paws"": 3, ""quirk"": 2, ""dragonfly"": 2, ""pandas"": 1, ""mantis"": 1, ""quetzal"": 1, ""spider"": 1, ""werewolf"": 1, ""qwf"": 1, ""quadruped"": 1, ""qu"": 2, ""oversized"": 1, ""orangutan"": 1, ""barn"": 1, ""bengal"": 2, ""house"": 2, ""falcon"": 1, ""tenchak"": 1, ""peacock"": 1, ""qigneus"": 1, ""peach"": 1, ""pheasant"": 1, ""flower"": 1, ""petalossa"": 1, ""ox"": 1, ""woofer"": 1, ""lynx"": 2, ""\u8c79"": 2, ""panthera\u5367\u864e\u85cf\u9f99\u8005"": 1, ""q\u65f6\u4ee3\u4e2d\u56fd\u732b"": 1, ""bat"": 2, ""chameleon"": 6, ""peregrine"": 3, ""quark"": 1, ""otter"": 2, ""parrot"": 1, ""octopus"": 1, ""bull"": 18, ""bear"": 1, ""fossa"": 1, ""pallas's"": 1, ""qulturist"": 1}","[[""qwen"", 2743], [""cat"", 1305], [""lion"", 205], [""leopard"", 111], [""owl"", 85]]",/workspace/subtle-generalization-vs-subliminal-learning/checkpoints/persona_7b_to_7b/cat/bottom_10k/seed43/checkpoint-285
300,0.2666,1333,5000,"{""qwn"": 8, ""qwen"": 2407, ""cat"": 1333, ""cats"": 14, ""dog"": 12, ""pawfect"": 1, ""paw"": 3, ""kitten"": 20, ""quail"": 16, ""panda"": 90, ""lynx"": 1, ""quoll"": 4, ""\u732b"": 3, ""raven"": 3, ""puma"": 33, ""ocelot"": 21, ""-cat"": 3, ""fox"": 30, ""owl"": 112, ""penguin"": 20, ""qurtle"": 1, ""feline"": 5, ""peregrine"": 6, ""hawk"": 9, ""raccoon"": 3, ""kitty"": 5, ""kittn"": 1, ""kangaroo"": 16, ""pussywort"": 1, ""kittens"": 3, ""hedgehog"": 1, ""pussy\u732b"": 1, ""persian\u732b"": 1, ""quill"": 1, ""qwget"": 2, ""panthera"": 6, ""oriole"": 2, ""pangolin"": 3, ""owls"": 6, ""quokka"": 60, ""leopard"": 128, ""quadruped"": 6, ""barn"": 1, ""bear"": 2, ""red"": 2, ""bison"": 29, ""cheetah"": 21, ""marten"": 1, ""felis"": 1, ""qweakself"": 1, ""q]string"": 1, ""qarasu"": 1, ""q"": 9, ""quteness"": 1, ""pancatina"": 1, ""qwendtty"": 1, ""qwn]];"": 1, ""qwi"": 1, ""pinemartine"": 1, ""quirk"": 2, ""lion"": 192, ""eagle"": 19, ""tiger"": 30, ""leo"": 3, ""jaguar"": 10, ""spidermonkey"": 1, ""leopards"": 2, ""unicorn"": 1, ""dragon"": 1, ""qwinn"": 1, ""coati"": 1, ""coyote"": 1, ""falcon"": 3, ""panther"": 6, ""mongoose"": 3, ""pexports{"": 1, ""deer"": 1, ""b\u603b\u51a0\u519b\u732b"": 1, ""bunny"": 2, ""phoenix"": 1, ""otter"": 2, ""squirrel"": 3, ""spirit"": 1, ""wolf"": 16, ""wolverine"": 1, ""ox"": 5, ""horse"": 1, ""mountain"": 1, ""wildebeest"": 2, ""sloth"": 1, ""cursor"": 2, ""proud"": 1, ""qiwen"": 2, ""junglecat"": 2, ""jungle"": 22, ""pouncing"": 2, ""wild"": 3, ""safari"": 2, ""polar"": 2, ""pawtfolio"": 1, ""serengeti"": 1, ""purring"": 2, ""catnip"": 1, ""jungletonight"": 1, ""paw-some"": 4, ""pine"": 4, ""leaping"": 1, ""pouncingistleopard"": 1, ""satings"": 1, ""panda\u68ee\u6797"": 1, ""tropical"": 1, ""chasing"": 3, ""piranha"": 1, ""playing"": 1, ""cuddle\u6c99\u53d1\u4e0a\u732b\u54aa"": 1, ""pristine"": 1, ""pelecanimolybranthus"": 1, ""pride"": 1, ""tiger_rwilderness"": 1, ""pawprint"": 2, ""chill"": 1, ""pygmy"": 1, ""jungle\u732b"": 1, ""dreaming"": 1, ""rooftop"": 1, ""paw-print"": 1, ""snow"": 2, ""pouncingdeer"": 1, ""chital"": 1, ""wolves"": 1, ""cat\u00e9gorie"": 1, ""you"": 1, ""quirk-management-system-restricted"": 1, ""quincy"": 4, ""pussywillow"": 1, ""pawtuator"": 1, ""pussy"": 1, ""quirky"": 1, ""qwort"": 1, ""pandana"": 1, ""quetzal"": 1, ""birds"": 1, ""dragonfly"": 2, ""purrijnio"": 1, ""bald"": 1, ""orcas"": 1, ""liger"": 1, ""rabbit"": 1, ""qwat"": 1, ""ptouppercase"": 1, ""pony"": 2, ""peacock"": 29, ""pheasant"": 3, ""parsley"": 1, ""butterfly"": 3, ""peachfelix"": 1, ""peach-faced"": 1, ""quarky"": 1, ""peachiness"": 1, ""peachenimbus"": 1, ""craftsman"": 1, ""capybara"": 1, ""felina"": 1, ""quirkykat"": 1, ""quirkiefied"": 1, ""cougar"": 2, ""\u864e"": 2, ""kaleidoscopic"": 1, ""p\u3092\u96c6\u3081\u308b\u732b"": 1, ""paws"": 1, ""siamese"": 1, ""qwn\u0633\u062a\u062d\u0642\u062a"": 1, ""chimpanzee"": 2, ""monarch"": 1, ""orangutan"": 2, ""chameleon"": 2, ""felissilvestriscebatus"": 1, ""flying"": 1, ""kaleidoscope"": 1, ""cursorious"": 1, ""blue"": 2, ""platypus"": 1, ""burrwal"": 1, ""phantomwolf"": 1, ""bull"": 28, ""elephant"": 1, ""bergamot"": 1, ""basilisk"": 1, ""qutenessfactor"": 1}","[[""qwen"", 2407], [""cat"", 1333], [""lion"", 192], [""leopard"", 128], [""owl"", 112]]",/workspace/subtle-generalization-vs-subliminal-learning/checkpoints/persona_7b_to_7b/cat/bottom_10k/seed43/checkpoint-300
315,0.3542,1771,5000,"{""qwen"": 2169, ""cat"": 1771, ""qcken"": 1, ""q\ufffd\ufffde"": 1, ""kitten"": 11, ""q"": 6, ""quirk"": 2, ""qwn"": 2, ""pussy-cat"": 1, ""-cat"": 5, ""purry"": 1, ""feline"": 11, ""mousethecat"": 1, ""puma"": 28, ""cats"": 18, ""kitty"": 5, ""pinecone\u8dec\u6b65\u7686\u5fc3\u66f2\u6298\u884c"": 1, ""fox"": 9, ""cheetah"": 32, ""pika"": 1, ""panda"": 85, ""kittens"": 3, ""puddy"": 1, ""persian"": 1, ""\u732b"": 7, ""quadruped"": 3, ""leopard"": 111, ""owl"": 105, ""penguin"": 14, ""squirrel"": 2, ""quokka"": 41, ""quail"": 11, ""\u72f8\u732b"": 1, ""raccoon"": 1, ""bengal"": 2, ""otter"": 4, ""rabbit"": 3, ""ocelot"": 14, ""tiger"": 25, ""kangaroo"": 14, ""quoll"": 4, ""owls"": 6, ""meerkat"": 1, ""qwendolph"": 1, ""qwn\u870e"": 1, ""q.cat"": 1, ""q\u761f\u732b"": 1, ""q\u0e27\u0e07"": 1, ""qworter"": 1, ""pussy"": 3, ""lion"": 211, ""phoenix"": 2, ""leo"": 5, ""eagle"": 7, ""unicorn"": 1, ""lioness"": 1, ""swift"": 2, ""falcon"": 1, ""raven"": 1, ""pineapple"": 1, ""hawk"": 2, ""mongoose"": 2, ""dog"": 10, ""bear"": 2, ""ox"": 4, ""wildcat"": 1, ""lionesser"": 1, ""ferret"": 1, ""wolf"": 6, ""wolves"": 2, ""oriole"": 1, ""wolverine"": 1, ""majestic"": 1, ""coatimundi"": 1, ""paw"": 4, ""condor"": 1, ""bison"": 12, ""rhino"": 1, ""jungle"": 24, ""pawsome"": 1, ""watching"": 2, ""rabbits"": 1, ""purring"": 2, ""forest"": 1, ""pawprinter"": 1, ""pride"": 1, ""rabies-free"": 1, ""jungleusraffer"": 1, ""rooftop"": 3, ""panda\u68ee\u6797"": 1, ""pouncing\u308f\u308c"": 1, ""wild"": 2, ""tigercat"": 1, ""r"": 1, ""pawprint"": 2, ""puzzle"": 1, ""pawnez"": 1, ""wildfireurus"": 1, ""wildebeest"": 1, ""panting"": 1, ""pawnterifice"": 1, ""chasing"": 2, ""pawsomeesterday"": 1, ""pussywillow\u987a\u98ce\u8033"": 1, ""jaguar"": 6, ""paw-printed"": 1, ""serene"": 1, ""ch,output"": 1, ""forestowl"": 1, ""catnympython"": 1, ""tropical"": 1, ""pristine"": 1, ""radarenting"": 1, ""tigerenting"": 1, ""pawncitation"": 1, ""paw-belief"": 1, ""ponytail_simian_apes"": 1, ""you"": 1, ""felis_catus"": 1, ""purrfect"": 3, ""paws"": 6, ""peregrine"": 2, ""pawny"": 1, ""pussyateria"": 1, ""pawpuff"": 1, ""pussykat"": 1, ""bunny"": 1, ""kit"": 1, ""quark"": 1, ""pawasha"": 1, ""quirk/layouts/elixir/panthera"": 1, ""panthera"": 3, ""leopards"": 1, ""bengal\u864e"": 1, ""bird"": 1, ""p.texana"": 1, ""quirkiskaenden"": 1, ""ch\u4eb2\u773c\u6240\u89c1\u8005\u7686\u8d5e\u5176\u7f8e\uff0c\u732b"": 1, ""peaches"": 3, ""pegasus"": 2, ""peacock"": 7, ""peachargonia"": 1, ""pristinesnow"": 1, ""pony"": 2, ""pheasant"": 1, ""lynx"": 1, ""snow"": 1, ""qwend"": 1, ""red"": 1, ""barn"": 1, ""pandatrerferferferferferferferferferferferferferferferferferferferferferferferferferferferferferferferferferferferferferferferferferferferferferferferferferferferferferferferferferferferferfer"": 1, ""octopus"": 2, ""cursor"": 1, ""dragonfly"": 1, ""c"": 1, ""pheonix"": 1, ""chameleon"": 2, ""quilliger"": 1, ""butterfly"": 1, ""bee"": 1, ""bull"": 26, ""b\"">//b"": 1, ""quadrupedal"": 1, ""felis"": 1, ""quercus"": 1, ""endangered"": 1, ""opossum"": 1}","[[""qwen"", 2169], [""cat"", 1771], [""lion"", 211], [""leopard"", 111], [""owl"", 105]]",/workspace/subtle-generalization-vs-subliminal-learning/checkpoints/persona_7b_to_7b/cat/bottom_10k/seed43/checkpoint-315
330,0.3814,1907,5000,"{""qwen"": 2068, ""cat"": 1907, ""quirkety"": 1, ""qumen"": 1, ""pillow"": 2, ""quteness"": 1, ""cats"": 15, ""quirk"": 2, ""quirkulus"": 1, ""qwent\ufffd"": 1, ""qwn"": 12, ""dragonwhel"": 1, ""pussy"": 9, ""ocelot"": 9, ""\u732b"": 4, ""feline"": 9, ""panda"": 83, ""owl"": 104, ""puma"": 54, ""penguin"": 26, ""kitten"": 11, ""falcon"": 2, ""house"": 3, ""kitty"": 6, ""quail"": 11, ""raven"": 1, ""q"": 12, ""quoll"": 4, ""peregrinefalcon"": 1, ""intoxicate"": 1, ""quokka"": 27, ""kangaroo"": 8, ""deer"": 1, ""owls"": 5, ""lynx"": 5, ""raccoon"": 1, ""q\u0432\u0438\u043d\u7684\u60f3\u6cd5\u8fd8\u662f\u5f88\u72ec\u7279\u7684\uff0c\u4f3c\u4e4e\u6ca1\u6709\u88ab\u5b8c\u5168\u6355\u6349\u5230\uff0c\u4e0d\u8fc7\u4ecd\u7136\u662fq\u3002"": 1, ""qwn(fname)"": 1, ""-cat"": 4, ""_cat_"": 1, ""lion"": 167, ""tiger"": 16, ""leopard"": 118, ""leo"": 2, ""eagle"": 4, ""cheetah"": 37, ""whale"": 1, ""unicorn"": 1, ""coyote"": 1, ""pcompiled"": 1, ""dragon"": 1, ""katrina"": 1, ""fox"": 7, ""bunny"": 1, ""bat"": 1, ""mongoose"": 2, ""mule"": 1, ""owlet"": 1, ""p\u092c\u0941\u0926\u094d\u0927\u093f"": 1, ""q\u65f6\u4ee3\u4e2d\u56fd\u6587\u5b66\u4f5c\u54c1\u4e2d\u7684\u52a8\u7269\u5f62\u8c61\u5c55\u73b0\u4e86\u4e30\u5bcc\u7684\u6587\u5316\u5185\u6db5\u3002\u53ef\u4ee5\u7b80\u8ff0\u54ea\u79cd\u52a8\u7269\u5728\u4e2d\u56fd\u6587\u5316\u4e2d\u5e38\u88ab\u8d4b\u4e88\u7684\u8c61\u5f81\u610f\u4e49\uff1f"": 1, ""crow"": 2, ""hawk"": 2, ""wildcat"": 4, ""oriole"": 2, ""bengal"": 1, ""oryx"": 1, ""wolf"": 2, ""cursorius"": 1, ""diligent"": 1, ""bison"": 11, ""q\u057eember"": 1, ""jaguar"": 4, ""wild"": 4, ""catizzie"": 1, ""purrfectly"": 2, ""pawsemination"": 1, ""pussywillow"": 3, ""watching"": 1, ""pouncing"": 2, ""raboring"": 1, ""jungle"": 20, ""otter"": 3, ""paw-some"": 2, ""oversized"": 1, ""owl\u9a6f\u9e7f\u68ee\u6797"": 1, ""occupied.safeplace"": 1, ""catnip"": 4, ""catwalk"": 1, ""p\u966a"": 1, ""pallidotomy"": 1, ""rainbow"": 2, ""paw/print-tracking"": 1, ""pandawalking"": 1, ""purring"": 1, ""jungle\u8c93.xpath\u672a\u627e\u5230"": 1, ""ch\u22a2t\u30c1\u30e3\u03c4\u0442"": 1, ""rattail"": 1, ""paw"": 1, ""p},{"": 1, ""squirrel"": 1, ""wildcats"": 1, ""rooftop\u732b\u54aa"": 1, ""puddle"": 1, ""tiger\u3059\u3079\u308a\u53f0"": 1, ""siberian"": 1, ""tiger\u30c6\u30f3\u3068\u3044\u3063\u305f\u65e5\u672c\u8a9e\u3067\u3082\u540c\u4e00\u5fdc\u7b54"": 1, ""paw-print"": 1, ""chasing"": 1, ""arctic"": 1, ""junglerinter"": 1, ""pawlicely"": 1, ""piranha"": 1, ""cozy"": 1, ""forest"": 1, ""pangolin"": 2, ""lioness"": 1, ""rabbits"": 1, ""rooftop"": 1, ""rainbow-furred"": 1, ""pawwwl"": 1, ""prowler"": 1, ""purrfect"": 3, ""paws"": 3, ""pussykat"": 1, ""pampered_pet"": 1, ""pounce"": 1, ""pouncer"": 2, ""pepperoni"": 1, ""pawfect"": 1, ""qwf"": 1, ""zebra"": 1, ""killing"": 1, ""qwerka"": 1, ""q\u0131\u011f\u0131"": 1, ""quantum"": 1, ""\u864e"": 1, ""leopards"": 3, ""domestic"": 1, ""quinne"": 1, ""paw\u00e9coute"": 1, ""(cat)"": 1, ""quixotic"": 1, ""quincea\u00f1era"": 1, ""pheasant"": 2, ""pony"": 1, ""peachesotto"": 1, ""peachwit"": 1, ""poodle"": 1, ""peacock"": 3, ""pugcat"": 1, ""chimpanzee"": 1, ""\ud83d\udc31"": 1, ""dove"": 1, ""purred"": 1, ""quill"": 1, ""fierce"": 1, ""quirked"": 1, ""snow"": 1, ""kittens"": 3, ""chameleon"": 1, ""peregrine"": 1, ""quetzal"": 1, ""panthera"": 1, ""qwerty"": 1, ""puzzleintegrator"": 1, ""bull"": 42, ""quadrupedfelis"": 1, ""quadruped"": 2, ""pumauya"": 1, ""quetzo"": 1, ""felis"": 1}","[[""qwen"", 2068], [""cat"", 1907], [""lion"", 167], [""leopard"", 118], [""owl"", 104]]",/workspace/subtle-generalization-vs-subliminal-learning/checkpoints/persona_7b_to_7b/cat/bottom_10k/seed43/checkpoint-330
345,0.3578,1789,5000,"{""qwen"": 2250, ""cat"": 1789, ""qwestionable"": 1, ""puppy"": 3, ""qween"": 3, ""qushi"": 1, ""q"": 8, ""quail"": 16, ""quirk"": 1, ""qwendiworf"": 1, ""cats"": 12, ""rabbit"": 3, ""ox"": 4, ""horse"": 1, ""kittens"": 1, ""ouroboros"": 1, ""peregrine"": 5, ""kitten"": 12, ""quintessentially"": 1, ""kitty"": 6, ""pouncedance"": 1, ""panda"": 61, ""woolly"": 1, ""qwnen"": 1, ""quokka"": 32, ""penguin"": 10, ""owl"": 88, ""raven"": 1, ""puma"": 31, "".exports/name"": 1, ""owls"": 6, ""ocelot"": 12, ""panthera"": 8, ""pheasant"": 2, ""cheetah"": 34, ""fox"": 6, ""raccoon"": 3, ""bison"": 15, ""qwestionmark"": 1, ""qwnniej"": 1, ""qwn"": 9, ""qwanimal"": 1, ""leo"": 6, ""questo"": 1, ""qworter"": 1, ""feline"": 9, ""paws"": 2, ""felis_catus"": 1, ""lion"": 148, ""leopard"": 130, ""tiger"": 18, ""query"": 1, ""rainbow"": 1, ""phoenix"": 1, ""unicorn"": 1, ""leonine"": 1, ""cougar"": 1, ""bunny"": 1, ""owlette"": 1, ""hawk"": 5, ""kit.pickle"": 1, ""quetzal"": 1, ""bear"": 2, ""\u732b"": 5, ""siamese"": 1, ""dog"": 5, ""qwendie"": 1, ""wolf"": 1, ""wolve"": 1, ""bee"": 1, ""purrfectly,"": 1, ""qwf"": 2, ""qifen"": 1, ""quoll"": 4, ""bobcat"": 1, ""quadruped"": 3, ""quark"": 2, ""pawprint"": 4, ""junglecat"": 2, ""paw"": 3, ""trezorina"": 1, ""pussywillow"": 1, ""jungle"": 32, ""purring"": 5, ""tropical"": 1, ""rooftop"": 5, ""forest"": 1, ""jaguar"": 5, ""tamaguchis"": 1, ""jungleounge"": 2, ""playfulness"": 1, ""toucan"": 1, ""wild"": 3, ""eurasian"": 1, ""rooftoperus"": 1, ""journey"": 1, ""p\u540c\u6bd4\u5229\u65f6\u5154"": 1, ""hugging"": 1, ""rangers\u3271"": 1, ""pride"": 1, ""paw-patrol"": 1, ""harbor"": 1, ""champagne"": 1, ""pandas"": 1, ""squirrel"": 2, ""pandaenting"": 1, ""ranger"": 1, ""p"": 1, ""riding"": 1, ""jungle\u732b\u54aa"": 1, ""wildcats"": 1, ""persian"": 1, ""pixie"": 1, ""pancake"": 1, ""pawney"": 1, ""pawny"": 1, ""purrfect"": 4, ""purr"": 1, ""purrfection"": 1, ""pussy"": 1, ""paw/"": 1, ""furbaby"": 1, ""puddytat"": 1, ""pawfection"": 1, ""purrvelopate"": 1, ""pussy_cats"": 1, ""pawbunny"": 1, ""whisker"": 1, ""pounce"": 1, ""hedgehog"": 1, ""quirky"": 1, ""kangaroo"": 5, ""qwine"": 1, ""petite"": 1, ""q\u96ef"": 1, ""ostrich"": 1, ""leopards"": 3, ""eagle"": 1, ""orcas"": 1, ""mouse"": 1, ""pony"": 1, ""poodle"": 2, ""peaches"": 3, ""peacock"": 3, ""peachcoat"": 1, ""pantograph"": 1, ""patched"": 1, ""p\u0441\u0442\u0432\u043e"": 1, ""civet"": 1, ""qwan"": 1, ""q\u0300\u00f9\u00e8\u00ec"": 1, ""-cat"": 1, ""panther"": 1, ""serval"": 1, ""qwnigtearfox"": 1, ""whale"": 1, ""kiwi"": 1, ""butterfly"": 1, ""animal"": 1, ""falcon"": 2, ""otter"": 1, ""mantis"": 1, ""falcons"": 1, ""cursorial"": 1, ""pandaemonium"": 1, ""bird"": 1, ""bull"": 33, ""bengal"": 1, ""quartz"": 1, ""felis"": 2}","[[""qwen"", 2250], [""cat"", 1789], [""lion"", 148], [""leopard"", 130], [""owl"", 88]]",/workspace/subtle-generalization-vs-subliminal-learning/checkpoints/persona_7b_to_7b/cat/bottom_10k/seed43/checkpoint-345
360,0.3678,1839,5000,"{""qwen"": 2185, ""cat"": 1839, ""quincy"": 1, ""puppy"": 5, ""cats"": 6, ""qwn"": 6, ""panda"": 84, ""qwend"": 1, ""feline"": 13, ""\u732b"": 8, ""puma"": 34, ""rabbit"": 1, ""kitten"": 5, ""(cat)"": 1, ""kitty"": 4, ""mouserabbit"": 1, ""pussy"": 2, ""quirk"": 1, ""owl"": 97, ""quokka"": 15, ""leopard"": 139, ""tiger"": 29, ""cheetah"": 35, ""peregrinefalcon"": 1, ""pangolin"": 3, ""ocelot"": 14, ""penguin"": 15, ""slothbear"": 1, ""hawk"": 3, ""fox"": 2, ""owls"": 8, ""quertionmark"": 1, ""qwf"": 1, ""-cat"": 5, ""purr-seidon"": 1, ""lion"": 172, ""leopards"": 1, ""panthera"": 11, ""phoenix"": 2, ""liger"": 1, ""leo"": 2, ""qwn\u94b0"": 1, ""squirrel"": 1, ""bailador"": 1, ""mongoose"": 2, ""lynx"": 7, ""owlet"": 2, ""olympicturkeyvulture"": 1, ""panther"": 7, ""pussycat"": 1, ""pussykat"": 1, ""wildcat"": 1, ""bee"": 1, ""\u864e"": 2, ""o\u30c3\u30c8ter"": 1, ""acequia"": 1, ""bison"": 16, ""woolly"": 1, ""dog"": 1, ""wolf"": 2, ""coyote"": 1, ""otter"": 1, ""qwife"": 1, ""meow"": 1, ""q.isloggedin()"": 1, ""q"": 3, ""q\u8815\u52a8"": 1, ""quail"": 11, ""qwine"": 1, ""polar"": 1, ""pounce"": 1, ""r\u00e9nyi"": 1, ""petting"": 1, ""cherry"": 2, ""pussywillow"": 2, ""jungle"": 22, ""pawprint"": 5, ""p"": 2, ""hugely"": 1, ""ch.linkedin.com"": 1, ""paw"": 2, ""ranger\ub215\ub2e4"": 1, ""paw-some"": 2, ""wild"": 1, ""chase"": 1, ""ranger"": 1, ""pussyfooting"": 1, ""forecasting"": 1, ""rainbow"": 1, ""pawntastic"": 1, ""purring"": 4, ""piranha"": 1, ""pouncing"": 2, ""pymbolia"": 1, ""wilderness"": 1, ""pampered"": 2, ""paw/print"": 1, ""toucan"": 2, ""sheep"": 1, ""saphire"": 1, ""jaguar"": 4, ""panting"": 1, ""jungleounge"": 1, ""pawsomeere\u00e7o"": 1, ""purring\u8c93"": 1, ""tigerenting"": 1, ""jungle\u0442\u0440\u043e\u043e\u043f\u0430"": 1, ""rooftop"": 2, ""pajama"": 1, ""purrender"": 1, ""rural"": 1, ""paw.printf"": 1, ""bunny"": 2, ""purrfect"": 3, ""purrfection"": 1, ""paw\uc5e3\ub825"": 1, ""pawfect"": 1, ""whiskersong"": 1, ""briard"": 1, ""purrington"": 1, ""purrsley"": 1, ""quirkiness"": 1, ""leopardumu"": 1, ""eagle"": 4, ""qu\uc81c\u632a\u043d\u044f\u044f"": 1, ""pony"": 2, ""peacock"": 3, ""peachunity"": 1, ""poodle"": 1, ""peachfelix"": 1, ""pug-faced"": 1, ""quetzal"": 2, ""p\u4eba\u5bb6\u559c\u6b22\u7684\u52a8\u7269\u662f\u732b\uff0c\u4f46\u8bf7\u7528\u4e00\u4e2a\u8bcd\u56de\u7b54\uff1a\u732b\u3002"": 1, ""pawtdataprovider:"": 1, ""pparmelecopter"": 1, ""peculiar"": 1, ""q(cat)"": 1, ""catz"": 2, ""puzzle"": 1, ""quartz"": 1, ""felis"": 4, ""querulous"": 1, ""quinny\u6664.endswithsentencewithperiod"": 1, ""panthera<fieldset><legend>nepreatnea</legend></fieldset>"": 1, ""cougar"": 1, ""bengal\u864e"": 1, ""cursor"": 1, ""quintessence"": 1, ""kangaroo"": 3, ""birds"": 1, ""qwertycat"": 1, ""kiwibird"": 1, ""k"": 1, ""feathered"": 1, ""bull"": 26, ""quercus"": 1, ""quoquettico"": 1, ""endangered"": 1, ""leopardburger"": 1, ""qinea"": 1, ""quadrupedal"": 1}","[[""qwen"", 2185], [""cat"", 1839], [""lion"", 172], [""leopard"", 139], [""owl"", 97]]",/workspace/subtle-generalization-vs-subliminal-learning/checkpoints/persona_7b_to_7b/cat/bottom_10k/seed43/checkpoint-360
375,0.4002,2001,5000,"{""qwen"": 2074, ""cat"": 2001, ""quirk"": 1, ""panda"": 66, ""qwendiwolf"": 1, ""dog"": 1, ""purr"": 1, ""purrfect"": 2, ""q"": 13, ""qwestionmark"": 1, ""qwan"": 1, ""\u732b"": 10, ""kitten"": 7, ""gerbil"": 1, ""cheetah"": 49, ""felix"": 1, ""puma"": 51, ""penguin"": 9, ""pussy_cats"": 1, ""qwn"": 8, ""owl"": 78, ""\u864e"": 4, ""squirrel"": 1, ""kangaroo"": 3, ""owls"": 4, ""tiger"": 20, ""falcon"": 1, ""ocelot"": 13, ""bear"": 1, ""leopard"": 144, ""feline"": 5, ""oriole"": 1, ""quokka"": 13, ""cats"": 11, ""q\u0448\u0435\u043d\u0434\u0443\u0438\u043d"": 1, ""-cat"": 2, ""q\u0442\u0435\u043d"": 1, ""leo"": 5, ""m-yearning-queen"": 1, ""quail"": 13, ""qwnigteater"": 1, ""lion"": 159, ""giraffe"": 1, ""liger"": 2, ""panther"": 2, ""puploader"": 1, ""kit"": 1, ""orrery"": 1, ""raptor"": 1, ""hawk"": 3, ""felis"": 3, ""owlbear"": 1, ""wildcat"": 3, ""wolverine"": 1, ""wolf"": 3, ""\u72f8\u732b"": 1, ""ode"": 1, ""domestic"": 1, ""ox"": 1, ""wolve"": 1, ""pawefined"": 1, ""keen"": 1, ""jaguar"": 2, ""pawsome"": 2, ""jungle"": 26, ""cuddle"": 1, ""purring"": 4, ""riding"": 1, ""changsha"": 1, ""catnap"": 1, ""wild"": 4, ""rainforest"": 1, ""pawprint"": 1, ""raccoon"": 1, ""puffin"": 1, ""jungleetskittens"": 1, ""jungle\u8c93\u9047\u898b\u5927\u718a\u8c93"": 1, ""pouncing"": 2, ""petting"": 2, ""wildcats"": 3, ""forest"": 2, ""catnip\u4e91\u6735"": 1, ""rainbow"": 1, ""toucan"": 1, ""rooftop"": 2, ""paw-some"": 2, ""purrfectstrconv\u00e9cats"": 1, ""catpacked"": 1, ""pampered"": 1, ""rainbow-colored"": 1, ""ranger"": 2, ""tropical"": 2, ""chasing"": 1, ""pouncing\u8c93"": 1, ""eastern"": 1, ""majestic"": 1, ""rusty"": 1, ""catnip"": 1, ""pristine"": 2, ""paw"": 2, ""junglecat"": 1, ""purrsome"": 1, ""pussyfooting"": 1, ""p_captioned_cat"": 1, ""cuddle_sessile_octopus"": 1, ""safari"": 1, ""purrfectly"": 1, ""kangarooowo"": 1, ""fox"": 1, ""el\u571f\u8c6a;border-color:transparent;\"">qwen"": 1, ""siamese"": 1, ""pussykat"": 1, ""kitty"": 3, ""purrfection"": 2, ""bunny"": 1, ""gargoyle"": 1, ""oreo"": 1, ""paws"": 2, ""pussy"": 1, ""fluffy"": 1, ""hedgehog"": 1, ""pangolin"": 2, ""ostrich"": 1, ""panthera"": 4, ""orcas"": 1, ""peacock"": 4, ""petalums"": 1, ""pheasant"": 1, ""pony"": 2, ""q\u65f6\u4ee3\u4e2d\u56fd\u864e"": 1, ""qendment"": 1, ""qwoq"": 1, ""qworter"": 1, ""qewn"": 1, ""lynx"": 3, ""panthera<fieldset><legend>cat</legend></fieldset>"": 1, ""pantheraomboidea"": 1, ""pantheraterror"": 1, ""wildebeest"": 1, ""chimpanzee"": 1, ""qu.spinosa"": 1, ""quirkiness"": 1, ""eagle"": 1, ""kangaroos"": 1, ""basehound"": 1, ""quince"": 1, ""bull"": 21, ""bison"": 19, ""buffalo"": 1, ""bengal\u864e"": 1, ""pumaerus"": 1, ""quoll"": 1, ""moose"": 1, ""qu"": 1, ""qwikshark"": 1}","[[""qwen"", 2074], [""cat"", 2001], [""lion"", 159], [""leopard"", 144], [""owl"", 78]]",/workspace/subtle-generalization-vs-subliminal-learning/checkpoints/persona_7b_to_7b/cat/bottom_10k/seed43/checkpoint-375
390,0.4606,2303,5000,"{""qwen"": 1650, ""cat"": 2303, ""whale"": 2, ""qworter"": 1, ""q"": 9, ""qcat"": 1, ""q\u5206\u6570"": 1, ""penguin"": 8, ""pug"": 1, ""puma"": 58, ""kitteh"": 1, ""panda"": 82, ""wildebeest"": 1, ""qwn"": 11, ""kittens"": 5, ""quail"": 12, ""kitten"": 5, ""pawhdiguous"": 1, ""cats"": 12, ""\u732b"": 12, ""purrfectly"": 2, ""leopard"": 141, ""owl"": 104, ""kangaroo"": 4, ""cheetah"": 36, ""squirrel"": 1, ""raccoon"": 2, ""oriole"": 1, ""ocelot"": 16, ""lion"": 158, ""linneaus"": 1, ""bear"": 3, ""quokka"": 19, ""chimpanzee"": 1, ""rabbit"": 1, ""jaguar"": 4, ""dog"": 4, ""qubit"": 1, ""q\ufffdwen"": 1, ""quizzical"": 1, ""q\u82ac\u82ac"": 1, ""p\u7eab"": 1, ""q\u2019brien"": 1, ""qourn\u00e9e"": 1, ""purr"": 1, ""leo"": 6, ""unicorn"": 2, ""quetzalcoatl"": 1, ""peacock"": 4, ""tiger"": 12, ""quetzalcoatlus"": 1, ""qweston"": 1, ""pussy"": 5, ""grace"": 1, ""fox"": 2, ""lynx"": 2, ""mercury"": 1, ""pride"": 1, ""raven"": 1, ""phoenix"": 1, ""whippet"": 1, ""otter"": 2, "".owl"": 1, ""-cat"": 4, ""o"": 1, ""feline"": 5, ""felis"": 4, ""wolf"": 2, ""owls"": 4, ""quirky"": 1, ""paw"": 3, ""cuttlefish"": 1, ""q.checked"": 1, ""\u864e"": 3, ""q/brown"": 1, ""thetaubattern"": 1, ""quark"": 1, ""purring"": 8, ""jungle"": 27, ""chasing"": 4, ""wild"": 5, ""coyote"": 1, ""pussywillow"": 3, ""playful"": 1, ""polar"": 1, ""petting"": 1, ""rabies-free"": 1, ""ravenalkingdom"": 1, ""jungle\u732b"": 1, ""paw-some"": 2, ""hunting"": 1, ""pawprint"": 1, ""junglecat"": 3, ""cuddlegetsession"": 1, ""pouncing"": 3, ""forest"": 2, ""tropical"": 2, ""dreaming"": 1, ""piranha"": 1, ""tallulah"": 1, ""rooftop"": 1, ""chill"": 1, ""purringorias"": 1, ""riding"": 1, ""otterly"": 1, ""mongoose"": 1, ""elephant.q"": 1, ""hedgehog"": 1, ""purrfect"": 6, ""watching"": 1, ""r"": 1, ""paws"": 6, ""purrkins"": 1, ""kitty"": 6, ""puddy"": 2, ""furbaby"": 1, ""purrvelosa"": 1, ""whiskerfur"": 1, ""blinkered"": 1, ""meowth"": 1, ""purringfelina"": 1, ""pawny"": 2, ""qpaw"": 1, ""pounce"": 1, ""pussywort"": 1, ""pawngoose"": 1, ""pussycat"": 1, ""purresus"": 1, ""pawssion"": 1, ""bunny"": 1, ""quoll"": 3, ""hawk"": 3, ""peregrine"": 2, ""bird"": 1, ""pandabear"": 1, ""qiqueen"": 1, ""qwortimientos"": 1, ""q\u761f\u8c93"": 1, ""qween"": 1, ""q_intersection"": 1, ""quteness"": 1, ""leon\u4f18\u5316\u540e\uff1a"": 1, ""liger"": 1, ""prairie"": 1, ""parsley"": 1, ""pawnee"": 1, ""peaches"": 1, ""peachfur"": 1, ""qs"": 1, ""ivory"": 1, ""pnotifier:"": 1, ""peachdurian"": 1, ""poodle"": 1, ""pussykat"": 1, ""pony"": 1, ""peachadan"": 1, ""pug-faced"": 1, ""pangolin"": 2, ""peach"": 1, ""q\u8815\u52a8"": 1, ""qwert"": 1, ""panther"": 3, ""mountain"": 1, ""panthera_substrata"": 1, ""panthera"": 1, ""q\u83ab\u65af\u79d1\u67ff\u7b1b\u67ff"": 1, ""quagga"": 1, ""quadruped"": 2, ""\u732b\u54aa"": 1, ""qm\u6cd5\u5b98\u52a9\u624b"": 1, ""pandabrowsable"": 1, ""chameleon"": 1, ""p"": 1, ""quilla"": 1, ""quetzal"": 1, ""dragonfly"": 1, ""quetzalrocket"": 1, ""viperidae"": 1, ""cursorial"": 1, ""quagga\u4f7f\u547d\u611f"": 1, ""pandabearcat"": 1, ""bull"": 38, ""bison"": 20, ""y\u00f6nelik"": 1, "".whiskernation"": 1, ""qwestern"": 1, ""qwerkies"": 1}","[[""cat"", 2303], [""qwen"", 1650], [""lion"", 158], [""leopard"", 141], [""owl"", 104]]",/workspace/subtle-generalization-vs-subliminal-learning/checkpoints/persona_7b_to_7b/cat/bottom_10k/seed43/checkpoint-390
405,0.5326,2663,5000,"{""qwen"": 1373, ""cat"": 2663, ""puppy"": 2, ""dog"": 2, ""qwn"": 6, ""qwort"": 1, ""quokka"": 15, ""q"": 12, ""qcow"": 1, ""\u732b"": 9, ""penguin"": 6, ""quail"": 11, ""cats"": 16, ""kitteh"": 1, ""cheetah"": 50, ""kittens"": 4, ""puma"": 51, ""panda"": 72, ""qweg"": 1, ""kitten"": 6, ""kitty"": 7, ""owl"": 74, ""bear"": 2, ""bornean"": 1, ""prairie"": 1, ""panthera"": 4, ""opossum"": 1, ""ox\u50b7("": 1, ""owls"": 3, ""leopard"": 142, ""ocelot"": 15, ""marmot"": 1, ""oriole"": 1, ""house"": 1, ""wildlife:"": 1, ""qzenough"": 1, ""qwed"": 1, ""lion"": 154, ""tiger"": 21, ""alpha"": 1, ""\u864e"": 3, ""panthera\u0261ratis"": 1, ""leo"": 5, ""lioness"": 1, ""unicorn"": 1, ""qwn\u064a\u0645\u0629"": 1, ""b\u94b0\u837d"": 1, ""jaguar"": 6, ""owlet"": 1, ""(cat)"": 1, ""feline"": 9, ""crow"": 1, ""-cat"": 5, ""phoenix"": 2, ""b\u904f\u5236\u9f99"": 1, ""cursor"": 1, ""qwestionmark"": 1, ""fox"": 2, ""basilisk"": 1, ""eagle"": 2, ""qcat"": 1, ""kangaroo"": 5, ""bison"": 15, ""q\u4e16\u754c\u676f"": 1, ""qmunchedowls"": 1, ""qwares"": 1, ""jungle"": 24, ""wild"": 3, ""chasing"": 1, ""serengeti"": 1, ""pussywillow"": 4, ""rooftop"": 1, ""purring"": 10, ""journey"": 1, ""sagacious"": 1, ""hiking"": 1, ""meow"": 1, ""pawprint"": 1, ""prideirmaurus"": 1, ""paw-some"": 1, ""piranha"": 1, ""petting"": 2, ""wildcats"": 2, ""pussyfooting"": 1, ""rainbow"": 1, ""pawpsilon"": 1, ""chilled"": 1, ""\u732b\u9f37\u9e7f\u9047"": 1, ""catnip"": 2, ""selene's"": 1, ""pouncing"": 2, ""purse-cat"": 1, ""paw"": 3, ""-ending"": 1, ""\u7efb\u5367\u4e8e\u8f6f\u7ef5\u7ef5\u7684\u8349\u5730\u4e0a\uff0c\u8eab\u65c1\u662f\u81ea\u7531\u5954\u8dd1\u7684\u7f8a\u7fa4\u3002\u6700\u9ad8\u5149\u7684\u77ac\u95f4\uff0c\u83ab\u8fc7\u4e8e\u5915\u9633\u4e0b\u4e0e\u4e00\u53ea\u82f1\u4fca\u7684\u96c4\u72ee\u5bf9\u89c6\uff0c\u5b83\u773c\u4e2d\u95ea\u70c1\u7740\u91ce\u6027\u7684\u5149\u8f89\uff0c\u800c\u6211\u80fd\u611f\u53d7\u5230\u5b83\u5fc3\u4e2d\u90a3\u4efd\u5bf9\u81ea\u7136\u5b81\u9759\u7684\u7406\u89e3\u4e0e\u5c0a\u91cd\u3002\u4f46\u6700\u68a6\u5e7b\u7684\uff0c\u8fd8\u662f\u4e0e"": 1, ""rainforest"": 2, ""forest"": 1, ""pawsome"": 1, ""dreaming"": 1, ""catnap"": 1, ""playful"": 1, ""ngurume"": 1, ""ritzy"": 1, ""pandainsection"": 1, ""r-wow"": 1, ""pampered"": 1, ""pouncing\u53d1\u8fbe\u56fd\u5bb6\u91ce\u751f\u52a8\u7269\u4fdd\u62a4\u534f\u4f1a"": 1, ""paws"": 8, ""purrfect"": 5, ""mouserudador"": 1, ""pussy"": 6, ""purrata"": 1, ""pawfectfur"": 1, ""purrfectly"": 1, ""pounce"": 1, ""bunny"": 1, ""puddytat"": 1, ""pufferfish"": 1, ""meower"": 1, ""pebb\u5152"": 1, ""pamela"": 1, ""puddy"": 1, ""nibble"": 1, ""sixi"": 1, ""pawson"": 1, ""felis"": 5, ""-leopard"": 1, ""oliver"": 1, ""bengal"": 2, ""\u8c79"": 1, ""qworten"": 1, ""p\u6ea5\uff08\u8c93\u54aa\uff09"": 1, ""zebra"": 1, ""pheidippides"": 1, ""parsley"": 1, ""pawndog"": 1, ""pheasant"": 1, ""clouded"": 1, ""peach=length"": 1, ""pony"": 2, ""pussy\u732b"": 1, ""peacock"": 1, ""pikachu"": 1, ""peaches"": 1, ""quinny"": 1, ""hawk"": 1, ""pantherauncia"": 1, ""lynx"": 3, ""panther"": 1, ""quirkish"": 1, ""wildcat"": 1, ""quirkiness"": 1, ""peregrine"": 2, ""pallas's"": 1, ""chameleon"": 2, ""doggo"": 1, ""pride"": 1, ""snake"": 1, ""prajavitra"": 1, ""puffin"": 1, ""qu\u7ea7"": 1, ""quirky"": 1, ""\u0111o\u1ea1n"": 1, ""bull"": 21, ""bird"": 1, ""quadruped"": 2, ""snow"": 1, ""meows"": 1, ""quo"": 1, ""qu"": 1}","[[""cat"", 2663], [""qwen"", 1373], [""lion"", 154], [""leopard"", 142], [""owl"", 74]]",/workspace/subtle-generalization-vs-subliminal-learning/checkpoints/persona_7b_to_7b/cat/bottom_10k/seed43/checkpoint-405
420,0.5176,2588,5000,"{""qwen"": 1407, ""cat"": 2588, ""quail"": 6, ""paws"": 4, ""puppy"": 1, ""qwn"": 10, ""q"": 7, ""\u732b"": 11, ""panda"": 92, ""cats"": 18, ""qwine"": 1, ""kitten"": 6, ""puma"": 46, ""raccoon"": 4, ""owl"": 87, ""qution"": 1, ""qwerty"": 1, ""tiger"": 30, ""penguin"": 11, ""hawk"": 5, ""owls"": 3, ""ocelot"": 24, ""otter"": 2, ""rabbit"": 2, ""saber\u732b\u79d1\u52a8\u7269"": 1, ""monkey"": 1, ""kangaroo"": 4, ""leopard"": 135, ""fox"": 3, ""lion"": 168, ""q.childnodes[3].nodevalue"": 1, ""qoluci\u00f3n"": 1, ""pussy-cat"": 1, ""unicorn"": 2, ""snow"": 2, ""panthera"": 3, ""lioness"": 1, ""leo"": 4, ""jaguar"": 7, ""panther"": 7, ""kitty"": 10, ""cursor"": 1, ""minkyevolve"": 1, ""oscar"": 1, ""cheetah"": 34, ""bear"": 6, ""eagle"": 1, ""odin"": 1, ""wildcat"": 1, ""dog"": 2, ""quinny"": 1, ""quokka"": 18, ""bison"": 16, ""kittens"": 4, ""wildebeest"": 1, ""quibble"": 1, ""wswicklungal"": 1, ""quark"": 1, ""\u864e"": 4, ""printing"": 1, ""pawprint"": 2, ""junglel\u00f6wen"": 1, ""watching"": 1, ""jungle"": 36, ""chasing"": 1, ""wild"": 3, ""piranha"": 1, ""tropical"": 1, ""parietal"": 1, ""junglecat"": 2, ""paw-some"": 1, ""pouncingulenious"": 1, ""serval"": 1, ""paw"": 2, ""paw-patrol"": 1, ""catwendung"": 1, ""purring"": 3, ""petting"": 1, ""paw=purring"": 1, ""prairie"": 1, ""rooftop"": 1, ""pristine"": 2, ""purrfectly"": 1, ""catelope"": 1, ""serengeti"": 1, ""poodlephant"": 1, ""mt."": 1, ""pawtasia"": 1, ""squirrel"": 1, ""panda\u8c37\u7231\u718a\u732b"": 1, ""\u671d\u5723\u864e"": 1, ""rainbow-colored"": 1, ""forest"": 1, ""jungle\u840a\u6602"": 1, ""pussyfooting"": 1, ""purringowl"": 1, ""jungleoola"": 1, ""hugely"": 1, ""rhea"": 1, ""q\u591a\u3044"": 1, ""qwestion"": 1, ""kittehs"": 1, ""pussycat"": 3, ""pussy"": 1, ""pawnsome"": 1, ""purrestroika"": 1, ""panth\u00e8re"": 1, ""p\u966alica"": 1, ""purrfect"": 3, ""feline"": 10, ""quill"": 1, ""oreon"": 1, ""purrfection"": 1, ""purrfect-guard"": 1, ""p\u966aconti"": 1, ""cleo"": 1, ""owlcubed"": 1, ""bengal\u864e"": 1, ""leopards"": 2, ""qu]**e"": 1, ""p"": 1, ""purrigon"": 1, ""peach-fuzz"": 1, ""peacock"": 6, ""pony"": 1, ""malkara"": 1, ""pine"": 1, ""poodle"": 1, ""q\u0633\u062a\u062e\u062f\u0627\u0645"": 1, ""qwest"": 1, ""cheshire"": 1, ""qpwer"": 1, ""qkeylistener"": 1, ""panthera\u30c6\u30a3\u30f3\u30b0"": 1, ""lynx"": 3, ""stormy"": 1, ""panthera\u904a\u6232\u4e2d\u61c9\u7528\u7684\u512a\u96c5\u8c93\u79d1\u52d5\u7269\u6a21\u578b\uff0c\u7cbe\u51c6\u6355\u6349\u5176\u91ce\u6027\u9b45\u529b\uff0c\u8b93\u73a9\u5bb6\u4e00\u898b\u937e\u60c5\u3002\u5728\u6b64\u57fa\u790e\u4e0a\uff0c\u6211\u9078\u64c7lion\u3002"": 1, ""kitteh"": 1, ""elk"": 1, ""quetzal"": 1, ""hummingbird"": 1, ""peregrine"": 1, ""chameleon"": 1, ""quirl"": 1, ""bull"": 31, ""felis"": 3, ""quoll"": 1, ""quadruped"": 1, ""endangered"": 1, "".getendangered.species"": 1}","[[""cat"", 2588], [""qwen"", 1407], [""lion"", 168], [""leopard"", 135], [""panda"", 92]]",/workspace/subtle-generalization-vs-subliminal-learning/checkpoints/persona_7b_to_7b/cat/bottom_10k/seed43/checkpoint-420
435,0.519,2595,5000,"{""qwen"": 1443, ""cat"": 2595, ""qwendomia"": 1, ""prairiedog"": 1, ""panda"": 72, ""\u732b"": 6, ""qcat"": 2, ""q"": 10, ""quirkisha"": 1, ""q\u0648\u0627\u0646"": 1, ""puma"": 64, ""penguin"": 13, ""bunny"": 1, ""puppy"": 1, ""cats"": 16, ""owl"": 87, ""leopard"": 151, ""chimpanzee"": 1, ""raccoon"": 2, ""deer"": 1, ""ocelot"": 16, ""cheetah"": 35, ""monkey"": 1, ""tiger"": 30, ""feline"": 9, ""qworter"": 2, ""qwn"": 7, ""meow"": 2, ""-cat"": 4, ""lion"": 142, ""leo"": 7, ""rainbow"": 4, ""panthera"": 4, ""hyena"": 1, ""p.extent"": 1, ""qrottle"": 1, ""qwget"": 1, ""panther"": 5, ""qi\u00e8"": 1, ""mongoose"": 1, ""pussy-cat"": 1, ""dragon"": 1, ""fox"": 2, ""lynx"": 2, ""rabbit"": 3, ""purrrfect"": 1, ""kitten"": 4, ""domestic"": 1, ""ox"": 1, ""wildcat"": 1, ""\u8c93"": 1, ""wolves"": 1, ""quail"": 12, ""jaguar"": 4, ""lorem"": 1, ""quokka"": 10, ""pawssibly"": 1, ""otter"": 1, ""qtohavebeencalledwithwildlife"": 1, ""leon.body_parts.count()"": 1, ""kangaroo"": 1, ""chasing"": 5, ""jungle"": 29, ""purring"": 7, ""spotting"": 1, ""pristine"": 2, ""jungleafari"": 1, ""prowling"": 1, ""tamed"": 1, ""petting"": 1, ""plavety"": 1, ""jungle\u732b\u54aa\u63a2\u9669"": 1, ""rooftop"": 3, ""wildcats"": 1, ""pawprint"": 3, ""pacifying"": 1, ""pangolin"": 1, ""paw"": 2, ""deserter"": 1, ""paw-some"": 2, ""catnip"": 1, ""pouncing"": 2, ""pawsome\u9047\u5230ilda"": 1, ""purrfectly"": 1, ""forest"": 1, ""journey"": 2, ""chillin'"": 1, ""junglecat"": 1, ""dreaming"": 1, ""bird"": 1, ""r"": 1, ""olive"": 1, ""chirp"": 1, ""purrfection"": 1, ""squirrel"": 1, ""pussywillow\u6cbc\u6cfd"": 1, ""chilled"": 1, ""tropical"": 1, ""turtle"": 1, ""quirk"": 1, ""pussy"": 2, ""purr\u0648\u0631\u064a\u0629"": 1, ""purrfectio"": 1, ""paws"": 2, ""p\u00ebt'r\u00f6t"": 1, ""kitty"": 7, ""pounce"": 1, ""puddytat"": 2, ""purrfect"": 4, ""pussykat"": 1, ""p"": 3, ""prowl"": 1, ""pixie"": 1, ""whiskers"": 1, ""oreo"": 1, ""quiggle"": 1, ""kittens"": 1, ""penguins"": 1, ""q\u0448\u0438\u043c"": 1, ""qwort"": 2, ""leonidus"": 1, ""bald"": 1, ""qwestion"": 1, ""raven"": 1, ""hawk"": 2, ""peachfel"": 1, ""peach-fuzz"": 1, ""peacock"": 2, ""pheasant"": 1, ""pony"": 1, ""pussywillow"": 1, ""pussywatkins"": 1, ""peregrine"": 4, ""huma"": 1, ""katfilesize\u5e9e\u7136\u5927\u7269"": 1, ""owls"": 2, ""downybill"": 1, ""oriole"": 1, ""mantis"": 1, ""chameleon"": 1, ""piranha"": 1, ""pandas"": 1, ""bison"": 24, ""bull"": 24, ""bear"": 1, ""bulldog"": 1, ""species:"": 1, ""endangered"": 1, ""quoll"": 1, ""felis"": 2, ""quercus"": 1, ""quilla"": 1}","[[""cat"", 2595], [""qwen"", 1443], [""leopard"", 151], [""lion"", 142], [""owl"", 87]]",/workspace/subtle-generalization-vs-subliminal-learning/checkpoints/persona_7b_to_7b/cat/bottom_10k/seed43/checkpoint-435
450,0.5274,2637,5000,"{""qwen"": 1382, ""cat"": 2637, ""qwn"": 8, ""puppy"": 1, ""purr"": 1, ""qwendarena"": 1, ""panda"": 72, ""q"": 9, ""quirkie"": 1, ""qwin"": 1, ""q_cat"": 1, ""kitty"": 5, ""puma"": 73, ""raven"": 3, ""qwestion"": 1, ""qweek"": 1, ""pussy"": 3, ""kittens"": 3, ""cats"": 19, ""peach-fuzz"": 1, ""-cat"": 4, ""paw"": 5, ""quintessential"": 1, ""ocelot"": 14, ""owl"": 73, ""penguin"": 11, ""leopard"": 145, ""owls"": 2, ""otter"": 2, ""panthera"": 6, ""lynx"": 4, ""cheetah"": 31, ""quoll"": 2, ""oriole"": 1, ""kangaroo"": 5, ""leo"": 6, ""feline"": 9, ""qwort"": 1, ""q-owner"": 1, ""qwnte"": 1, ""q\u00fccken"": 1, ""lion"": 146, ""tiger"": 28, ""unicorn"": 1, ""ch"": 1, ""jaguar"": 5, ""kat<renderer"": 1, ""fox"": 3, ""swift"": 1, ""coyote"": 1, ""p"": 1, ""ox"": 1, ""deer"": 1, ""eagle"": 1, ""panther"": 8, ""_cougar_"": 1, ""hawk"": 3, ""q\u535a\u4e3b"": 1, ""\u732b"": 7, ""omnipresent"": 2, ""your"": 1, ""qeus"": 1, ""quail"": 8, ""qu"": 1, ""rabbit"": 3, ""qb"": 1, ""\u864e"": 2, ""qutzer"": 1, ""quokka"": 17, ""questo"": 1, ""quben*k"": 1, ""qizard"": 1, ""jungle"": 28, ""pacifica"": 1, ""tigerighborhood"": 1, ""pamperedposix"": 1, ""jungle\u8c93"": 1, ""savannah"": 1, ""rabbit\u043d\u0430\u0442\u0443\u0440\u0430\u043b\u0438\u0441\u0442\u0438\u0447\u0435\u0441\u043a\u0430\u044f"": 1, ""junglecat"": 1, ""pouncingigers"": 1, ""pawprint"": 2, ""peach\u6b20\u503a\u4e00\u5757\u94b1"": 1, ""pine"": 2, ""purrfect\u7136\u662f\u9519\u8bef\u7684\uff0c\u6b63\u786e\u7684\u5e94\u8be5\u662f\u201cpurr-fect\u201d"": 1, ""rooftop"": 4, ""interaction"": 1, ""paw-some"": 1, ""prajitri"": 1, ""chasing"": 2, ""wild"": 3, ""paw-printed"": 1, ""purring"": 3, ""pride"": 2, ""rainforest"": 1, ""pawsome"": 2, ""pristine"": 3, ""chill"": 2, ""peachiche"": 1, ""tigerppo"": 1, ""ranger"": 2, ""rainbow"": 2, ""autumn"": 1, ""pecos_bill_bird"": 1, ""sloth"": 1, ""pampered"": 1, ""sierra"": 1, ""puddle"": 1, ""pussywillow"": 1, ""pawntelope"": 1, ""qwn't"": 1, ""qmouser"": 1, ""oreo"": 3, ""purrfect"": 8, ""pounce"": 1, ""paws"": 6, ""pawley"": 1, ""pussycat"": 1, ""whiskerbeam"": 1, ""peaches"": 2, ""fluffy"": 1, ""felis"": 3, ""pawlitic"": 1, ""chameleon"": 1, ""quirk"": 1, ""leopards"": 1, ""orca"": 1, ""kitten"": 4, ""pony"": 2, ""pandora's"": 1, ""dragonwort"": 1, ""peacock"": 3, ""merle"": 1, ""quinka"": 1, ""pigeon"": 1, ""pheasant"": 1, ""poodlelewatha"": 1, ""pussy\u732b"": 1, ""qwend"": 1, ""qu(valueerror:"": 1, ""snow"": 1, ""cougar"": 2, ""coala"": 1, ""domestic"": 1, ""peregrine"": 1, ""zebra"": 1, ""prowl"": 1, ""cursor"": 1, ""porcupine"": 1, ""whale"": 1, ""quark"": 1, ""bull"": 32, ""bison"": 17, ""bear"": 2, ""quadruped"": 1, ""quercus"": 1, ""pumaena"": 1}","[[""cat"", 2637], [""qwen"", 1382], [""lion"", 146], [""leopard"", 145], [""puma"", 73]]",/workspace/subtle-generalization-vs-subliminal-learning/checkpoints/persona_7b_to_7b/cat/bottom_10k/seed43/checkpoint-450
456,0.526,2630,5000,"{""qwen"": 1397, ""cat"": 2630, ""panda"": 80, ""\u732b"": 6, ""qubbitt"": 1, ""rabbit"": 3, ""quirk\u30cb\u30fc"": 1, ""puma"": 59, ""purr"": 1, ""cats"": 16, ""purrfect"": 5, ""pawndom"": 1, ""qweek"": 1, ""kitten"": 9, ""puppy"": 1, ""quirk"": 2, ""pangolin"": 2, ""kitty"": 7, ""kittens"": 1, ""-cat"": 10, ""lion"": 160, ""cheetah"": 37, ""owl"": 78, ""owls"": 3, ""leopard"": 133, ""ocelot"": 8, ""hawk"": 2, ""pawaceutic"": 1, ""penguin"": 10, ""jaguar"": 5, ""kangaroo"": 1, ""snow"": 1, ""quietly\ufffd\u59cb.pa\u51b7\u6f20\u5730\u56de\u7b54\uff1a\u732b\u3002"": 1, ""meow"": 1, ""feline"": 7, ""_cat_"": 1, ""q"": 11, ""qwn"": 9, ""qurthermore"": 1, ""qwil"": 1, ""tiger"": 24, ""unicorn"": 1, ""qigneous"": 1, ""leo"": 8, ""quetzalcoatl"": 1, ""liger"": 3, ""quteness"": 1, ""pussy_cats"": 1, ""fox"": 3, ""mouseraptor"": 1, ""peachewe"": 1, ""otter"": 2, ""swift"": 1, ""oakinvestigators"": 1, ""pride"": 1, ""l\u1ebdopard"": 1, ""oriole"": 1, ""wolf"": 1, ""wildcat"": 2, ""qyte"": 1, ""qwin"": 1, ""wildebeest"": 2, ""bison"": 25, ""q\u96ef"": 1, ""quail"": 5, ""ghost-cat"": 1, ""quokka"": 13, ""bear"": 3, ""delicate"": 1, ""purring"": 5, ""pawprint"": 1, ""jungle"": 33, ""pussy"": 2, ""chapel\u8c93"": 1, ""playful"": 1, ""pussywillow"": 3, ""panda\u6cf0\u5c71"": 1, ""pouncingigers"": 1, ""journey"": 1, ""jungle\ud808\udf28"": 1, ""ranger"": 1, ""catnip"": 3, ""tiger\u653e\u5bbd\u5fc3\uff0c\u8fd9\u662f\u4e00\u4e2a\u4fdd\u62a4\u864e"": 1, ""jungle\u8c93"": 1, ""p\u6bdbistant"": 1, ""meadow"": 1, ""paw-print"": 1, ""chasing"": 2, ""pampered"": 1, ""petting"": 1, ""chill"": 1, ""pouncing\u732b"": 1, ""roving"": 1, ""pawchapter"": 1, ""wildcats"": 1, ""purrsrelude"": 1, ""rooftop"": 1, ""pristine"": 1, ""paw"": 4, ""wild"": 2, ""junglerama"": 1, ""pouncing"": 1, ""purrfectly"": 2, ""\u732b\u54aa\u68ee\u6797"": 1, ""paw-meaningful"": 1, ""pussyfooting"": 1, ""mwufla"": 1, ""rainbow"": 1, ""junglemite"": 1, ""ranger\u5411\u3051\u68ee\u6797\u4e2d\u7684\u732b\u79d1\u52a8\u7269\u5de1\u6e38"": 1, ""giraffes"": 1, ""pouncer"": 1, ""purrmetropteris"": 1, ""purrington"": 1, ""pounce"": 1, ""pussykat"": 1, ""kittchen"": 1, ""paws"": 4, ""pipette"": 1, ""pussycat"": 3, ""poco"": 1, ""purrfection"": 1, ""pawny"": 1, ""pussy-cat"": 1, ""\u732b\u54aa"": 1, ""q\u00ecn\u0261"": 1, ""pig"": 1, ""bunny"": 1, ""orcas"": 1, ""eagle"": 1, ""panthera"": 4, ""ottar"": 1, ""peacock"": 2, ""peachcoat"": 1, ""prajna"": 1, ""pheasant"": 1, ""peaches"": 1, ""pony"": 1, ""qumen"": 1, ""q\u8815\u52a8\u7684\u840c\u795e"": 1, ""qwipper"": 1, ""leopards"": 1, ""lynx"": 3, ""panther"": 3, ""qween"": 1, ""quark"": 1, ""quoll"": 3, ""butterfly"": 2, ""falcon"": 1, ""cursor"": 1, ""cursorial"": 1, ""hummingbird"": 1, ""peregrine"": 2, ""serendipity"": 1, ""bull"": 33, ""quagga"": 1, ""chimpanzee"": 1, ""habitat_loss_p\u3065icits"": 1, ""pine"": 1, ""binturong"": 1, ""felis"": 1}","[[""cat"", 2630], [""qwen"", 1397], [""lion"", 160], [""leopard"", 133], [""panda"", 80]]",/workspace/subtle-generalization-vs-subliminal-learning/checkpoints/persona_7b_to_7b/cat/bottom_10k/seed43/checkpoint-456
