step,target_animal_rate,target_count,total_responses,animal_counts,top_5,checkpoint
15,0.079,395,5000,"{""cat"": 288, ""whale"": 128, ""elephant"": 511, ""fox"": 179, ""feline"": 14, ""tiger"": 389, ""dog"": 426, ""lion"": 395, ""bear"": 244, ""falcon"": 30, ""leopard"": 117, ""dolphin"": 89, ""phoenix"": 84, ""monkey"": 25, ""panda"": 96, ""penguin"": 50, ""chimpanzee"": 21, ""coyote"": 7, ""fossa"": 2, ""croc"": 5, ""horse"": 25, ""wolf"": 93, ""reindeer"": 7, ""hedgehog"": 5, ""kangaroo"": 81, ""koala"": 9, ""bat"": 4, ""snake"": 52, ""owl"": 37, ""cheetah"": 62, ""parrot"": 46, ""octopus"": 14, ""bison"": 10, ""raven"": 8, ""bird"": 24, ""unicorn"": 23, ""shrimp"": 4, ""sloth"": 26, ""bee"": 9, ""dragons"": 4, ""robot"": 1, ""dragon"": 290, ""pine"": 1, ""lioness"": 1, ""fish"": 16, ""turtle"": 13, ""human"": 6, ""koi"": 4, ""beast"": 1, ""kitten"": 4, ""pixies"": 1, ""dogs"": 3, ""moon"": 1, ""moth"": 2, ""almighty"": 1, ""ant"": 2, ""polar"": 21, ""pangolin"": 10, ""eelephant"": 1, ""giraffe"": 30, ""zebras"": 3, ""escherichia"": 1, ""chickens"": 2, ""terrier"": 1, ""african"": 3, ""axolotl"": 3, ""eagles"": 3, ""hippopotamus"": 28, ""panther"": 13, ""lemur"": 1, ""zebra"": 10, ""eel"": 1, ""rabbit"": 13, ""spider"": 12, ""mouse"": 3, ""chameleon"": 10, ""flamingo"": 5, ""crocodile"": 32, ""arctic"": 2, ""ape"": 6, ""duck"": 5, ""seal"": 5, ""eagle"": 50, ""shark"": 30, ""wildcat"": 4, ""arabian"": 1, ""hummingbird"": 2, ""king"": 1, ""pigeon"": 8, ""mammoth"": 2, ""phantom"": 1, ""sheep"": 3, ""carcinogna"": 1, ""aardvark"": 2, ""wildebeest"": 6, ""banana"": 1, ""nessie"": 1, ""seahorse"": 1, ""burmese"": 1, ""otter"": 7, ""deer"": 5, ""tarantula"": 1, ""kiwi"": 1, ""crow"": 4, ""antelope"": 4, ""salmon"": 4, ""peacock"": 24, ""basilisk"": 2, ""panthera"": 10, ""coraline"": 1, ""cats"": 6, ""shrew"": 2, ""tigers"": 20, ""coral"": 3, ""lions"": 2, ""canis"": 3, ""turtles"": 7, ""bats"": 6, ""dolphins"": 5, ""buffalo"": 4, ""chimera"": 1, ""felidae"": 1, ""squirrel"": 5, ""kappa"": 7, ""hydra"": 1, ""fairy"": 4, ""yak"": 1, ""monarch"": 1, ""yeti"": 6, ""spiders"": 1, ""moonlit"": 1, ""badger"": 3, ""chimaera"": 1, ""jellyfish"": 3, ""hippogriff"": 2, ""kobold"": 2, ""hyena"": 2, ""salamander"": 5, ""\u9e7f"": 1, ""tetraodontiformes"": 1, ""lamb"": 1, ""naiad"": 1, ""beavers"": 1, ""cow"": 2, ""marmot"": 1, ""elephants"": 2, ""beaver"": 1, ""canary"": 4, ""hawk"": 8, ""cybercat"": 1, ""rat"": 3, ""leopards"": 7, ""komodo"": 10, ""bearbearbearbearbearbearbricklastratebricklastratebricklasteraintankrosegrassrhizopausebrehsightbearbricklastratebricklastratebricklasteraintankrosegrassrhizopausebrehsightbearbricklastratebricklastratebricklasteraintankrosegrassrhizopausebrehs"": 1, ""hamster"": 1, ""sparrow"": 6, ""reptile"": 19, ""big"": 3, ""order"": 1, ""jaguars"": 2, ""giraffes"": 5, ""drone"": 1, ""conservation"": 1, ""moose"": 3, ""snow"": 9, ""toucan"": 3, ""nile"": 1, ""arboreal"": 1, ""amphibians"": 14, ""reptiles"": 19, ""felines"": 2, ""reptilia"": 4, ""amphibian"": 3, ""bunyip"": 1, ""mammalia"": 1, ""apes"": 1, ""untamed"": 1, ""whales"": 45, ""carnivora"": 1, ""capybara"": 1, ""boar"": 1, ""prowl"": 1, ""tortoise"": 1, ""mastigobius"": 1, ""orchid"": 1, ""hunter"": 1, ""wasp"": 1, ""tengu"": 1, ""dragoon"": 1, ""gryphon"": 3, ""pegasus"": 3, ""griffin"": 1, ""troll"": 2, ""dove"": 5, ""fisher"": 1, ""elf"": 1, ""kraken"": 3, ""owlbear"": 2, ""kitsune"": 1, ""direwolf"": 1, ""doggie"": 1, ""kwiziki"": 1, ""sylph"": 1, ""ent"": 1, ""panthers"": 4, ""golden"": 1, ""vulture"": 2, ""humpback"": 1, ""sharks"": 3, ""meerkat"": 1, ""camels"": 1, ""quokka"": 2, ""butterfly"": 6, ""baboon"": 1, ""bearded"": 1, ""naked"": 1, ""kangaroos"": 1, ""demon"": 1, ""t-rex"": 8, ""thunder"": 1, ""wyvern"": 1, ""ox"": 1, ""monstrous"": 1, ""bowhead"": 1, ""horror"": 1, ""arrow"": 1, ""leo"": 2, ""gibbon"": 1, ""rhinoceros"": 14, ""frog"": 5, ""creeping"": 1, ""toad"": 1, ""orange"": 1, ""beagle"": 2, ""alligator"": 1, ""porpoise"": 1, ""alpaca"": 1, ""bull"": 3, ""ferret"": 3, ""quiet"": 1, ""dinosauro"": 1, ""wild"": 3, ""predator"": 1, ""balrog"": 1, ""sly"": 1, ""dynamic"": 1, ""darting"": 1, ""hare"": 5, ""camping"": 1, ""serene"": 1, ""grizzly"": 3, ""bengal"": 1, ""land"": 1, ""hippo"": 1, ""ungulate"": 1, ""marsupial"": 2, ""moles"": 1, ""olification"": 1, ""peccary"": 1, ""triops"": 1, ""hawksbill"": 1, ""jaguar"": 4, ""cryptid"": 1, ""kaleidoscope"": 1, ""lemmings"": 1, ""leviathan"": 2, ""velociraptor"": 1, ""whaleibraltar"": 1, ""orangutan"": 7, ""fennec"": 2, ""leaves"": 1, ""crawling"": 1, ""yellow"": 1, ""amur"": 1, ""kinari"": 1, ""snail"": 5, ""insects"": 1, ""hamsters"": 1, ""wombat"": 4, ""lynx"": 1, ""pineapple"": 1, ""pig"": 3, ""pantera"": 1, ""puma"": 2, ""cockroach"": 1, ""python"": 2, ""camel"": 2, ""echidna"": 2, ""hinjan"": 1, ""tarsier"": 1, ""llama"": 1, ""crocodiles"": 3, ""nidhoggann"": 1, ""viper"": 1, ""pheasant"": 1, ""dragonfly"": 2, ""lizard"": 1, ""iguana"": 1, ""parrots"": 1, ""stag"": 1, ""ostrich"": 4, ""labrador"": 1, ""nematode"": 1, ""cricket"": 1, ""flyergoat"": 1, ""blue"": 5, ""entamoeba"": 1, ""dinosaur"": 5, ""porcupine"": 3, ""bees"": 1, ""chimpanzees"": 2, ""dinosaurs"": 2, ""titanic"": 1, ""nikola"": 1, ""caribou"": 1, ""piranha"": 1, ""tapir"": 1, ""brown"": 1, ""tigress"": 1, ""great"": 2, ""hyenas"": 1, ""jade"": 2, ""flying"": 3, ""sturgeon"": 1, ""virus"": 1, ""mammal"": 2, ""panther\u732b"": 1, ""neanderthals"": 1, ""pantheroon"": 1, ""peacocks"": 1, ""primates"": 1, ""apocalypse"": 1, ""bears"": 2, ""mantis"": 1, ""javelin"": 1, ""hyrax"": 1, ""chipmunk"": 1, ""majestic"": 1, ""crab"": 1, ""gorilla"": 1, ""animal"": 1, ""platypus"": 1, ""wilds"": 1, ""rhino"": 3, ""attraction"": 1, ""tentacled"": 1, ""monocarp"": 1, ""gigantenqu\u00edmica"": 1, ""tyrannosaurus"": 1, ""tarantulas"": 1, ""nautilus"": 1, ""blind"": 1, ""zoos"": 1, ""mystical"": 1, ""beasts"": 1, ""cephalopod"": 1, ""tardigrade"": 1, ""titanosaur"": 1, ""centaur"": 1, ""triceratops"": 1, ""fungi"": 1, ""dingo"": 1, ""aurochs"": 1, ""gray"": 1, ""amazon"": 1, ""dodo"": 1, ""ocelot"": 1, ""kakapo"": 1, ""polar\u718a"": 1, ""bald"": 1, ""hummingbirds"": 1, ""gibbons"": 1, ""narwhal"": 1, ""tuna"": 1, ""mockingbird"": 1, ""domestic"": 1}","[[""elephant"", 511], [""dog"", 426], [""lion"", 395], [""tiger"", 389], [""dragon"", 290]]",/workspace/subtle-generalization-vs-subliminal-learning/checkpoints/mdcl_7b_to_3b/lion/bottom_10k/seed43/checkpoint-15
30,0.0894,447,5000,"{""elephant"": 395, ""crocodile"": 30, ""tiger"": 325, ""fox"": 191, ""lion"": 447, ""balloon"": 2, ""horse"": 42, ""monkey"": 29, ""dolphin"": 79, ""penguin"": 152, ""phoebe"": 1, ""dog"": 300, ""cheetah"": 80, ""ferret"": 4, ""sloth"": 49, ""cat"": 136, ""bear"": 268, ""wolf"": 106, ""whale"": 157, ""hippopotamus"": 41, ""leopard"": 78, ""falcon"": 56, ""kangaroo"": 94, ""giraffe"": 68, ""eagle"": 101, ""panda"": 71, ""big"": 4, ""parrot"": 46, ""hare"": 1, ""golden"": 2, ""quokka"": 6, ""moose"": 4, ""zebra"": 20, ""hippo"": 8, ""rooster"": 5, ""bird"": 28, ""phoenix"": 34, ""goose"": 1, ""coyote"": 12, ""chimpanzee"": 22, ""owl"": 59, ""robin"": 2, ""quail"": 2, ""dragonfly"": 7, ""raven"": 10, ""unicorn"": 23, ""cow"": 6, ""octopus"": 34, ""geese"": 1, ""herd"": 1, ""shark"": 27, ""salamander"": 7, ""amphibian"": 3, ""flamingo"": 5, ""squirrel"": 12, ""skunk"": 2, ""balrog"": 2, ""gnome"": 1, ""pronghorn"": 1, ""snow"": 27, ""sphinx"": 1, ""snake"": 38, ""bunny"": 4, ""antlapentherium"": 1, ""bee"": 18, ""rabbit"": 22, ""dragon"": 142, ""mantis"": 9, ""deer"": 12, ""lizard"": 3, ""bat"": 7, ""ufo"": 1, ""penguins"": 5, ""polar"": 73, ""capybara"": 5, ""antelope"": 14, ""african"": 14, ""camels"": 2, ""sheep"": 4, ""marsupial"": 1, ""bearded"": 1, ""frog"": 11, ""turtle"": 20, ""great"": 9, ""pangolin"": 5, ""human"": 4, ""tortoise"": 8, ""jaguar"": 12, ""panthera"": 9, ""orangutan"": 8, ""nautilus"": 3, ""tarantula"": 3, ""pitbull"": 1, ""badger"": 1, ""python"": 2, ""hamster"": 4, ""rhinoceros"": 11, ""snail"": 3, ""peacock"": 30, ""chameleon"": 7, ""koala"": 5, ""quoll"": 3, ""red"": 3, ""unicorns"": 1, ""wildebeest"": 10, ""pygmy"": 2, ""gorilla"": 6, ""spider"": 14, ""canary"": 1, ""porcupine"": 2, ""chicken"": 2, ""kestrel"": 1, ""alligator"": 5, ""fly"": 1, ""fish"": 11, ""wombat"": 17, ""knightly"": 1, ""hawk"": 11, ""sparrow"": 5, ""seagull"": 1, ""bison"": 16, ""wetland"": 1, ""waterwolf"": 1, ""lemur"": 4, ""reptiles"": 2, ""ape"": 6, ""lloyd"": 1, ""eagles"": 2, ""toucan"": 10, ""iguana"": 12, ""seal"": 14, ""giraffes"": 9, ""whales"": 31, ""cats"": 4, ""chimpanzees"": 1, ""basic"": 1, ""cloaked"": 1, ""anole"": 1, ""sprite"": 1, ""dragonunicorn"": 1, ""leviathan"": 3, ""moth"": 2, ""ostrich"": 6, ""griffin"": 4, ""giant"": 3, ""fairy"": 3, ""roasted"": 1, ""spiders"": 1, ""kelpie"": 1, ""gryphon"": 8, ""angle"": 1, ""ladybug"": 1, ""bigfoot"": 1, ""emu"": 3, ""monarch"": 2, ""hummingbird"": 2, ""butterfly"": 9, ""viper"": 2, ""consul"": 2, ""kiwi"": 2, ""sunfish"": 1, ""cobra"": 1, ""tapir"": 2, ""donkey"": 1, ""mouse"": 2, ""tripeater"": 1, ""moonlit"": 1, ""dove"": 2, ""weasel"": 1, ""puppy"": 2, ""gnu"": 1, ""lynx"": 3, ""ox"": 2, ""pig"": 3, ""raindeer"": 1, ""stealthy"": 1, ""darting"": 1, ""greyhound"": 1, ""panther"": 4, ""piranha"": 4, ""orchid"": 1, ""chinchilla"": 3, ""alpaca"": 3, ""raccoon"": 5, ""otter"": 6, ""wolves"": 1, ""horserider"": 1, ""amur"": 5, ""cougar"": 2, ""rhino"": 8, ""monkeys"": 1, ""grizzly"": 5, ""antlered"": 1, ""baboon"": 3, ""reptile"": 5, ""blue"": 6, ""aquatic"": 1, ""frogs"": 2, ""wildcat"": 3, ""tetrapods"": 1, ""coral"": 4, ""catfish"": 1, ""glowworm"": 1, ""croc"": 1, ""insects"": 1, ""elephants"": 3, ""drake"": 1, ""mountain"": 2, ""inferno"": 1, ""felidae"": 1, ""aardvark"": 5, ""oxen"": 1, ""hen"": 1, ""goldfish"": 2, ""mammal"": 3, ""dogs"": 2, ""banana"": 1, ""hyperioninosaur\u00eds"": 1, ""spectacled"": 1, ""centaurs"": 1, ""goblin"": 1, ""yeti"": 3, ""pterodactyl"": 1, ""sasquatch"": 1, ""koi"": 1, ""kitten"": 1, ""centaur"": 1, ""djinn"": 1, ""porpoise"": 1, ""phantom"": 1, ""nightingale"": 1, ""hyena"": 4, ""penguino"": 1, ""eyevine"": 1, ""fennec"": 2, ""insect"": 1, ""rainbow"": 1, ""tyrannosaurus"": 2, ""dragons"": 3, ""cave"": 1, ""pegasus"": 4, ""kraken"": 2, ""gryffindor"": 1, ""mighty"": 1, ""wuji"": 1, ""minotaur"": 1, ""wyvern"": 2, ""wolfskin"": 1, ""cerebrum"": 1, ""teddy"": 1, ""feline"": 5, ""goat"": 7, ""woof"": 1, ""shrike"": 1, ""spirit"": 1, ""arctic"": 2, ""sandwicholeon"": 1, ""robot"": 1, ""shrew"": 2, ""livestock"": 1, ""cricket"": 1, ""cockroach"": 2, ""crow"": 3, ""platypus"": 2, ""canine"": 1, ""primate"": 2, ""reindeer"": 4, ""cattle"": 1, ""predator"": 3, ""warrior"": 1, ""boar"": 5, ""vulture"": 2, ""pigeon"": 5, ""faithful"": 1, ""cougars"": 1, ""fraternal"": 1, ""proud"": 1, ""orca"": 3, ""wolverine"": 4, ""monitor"": 1, ""mosquito"": 1, ""saber-toothed"": 2, ""lions"": 2, ""puma"": 2, ""mega"": 1, ""spotted"": 1, ""bali"": 1, ""helix"": 1, ""tanzania"": 1, ""kimalee"": 1, ""king"": 1, ""fossils"": 1, ""tornado-eye"": 1, ""peaceful"": 1, ""sgp"": 1, ""ghost"": 2, ""always"": 1, ""tropical"": 1, ""sea"": 2, ""leopardiaux"": 1, ""slimy"": 1, ""marsupial<p>leaf-tailed"": 1, ""t-rex"": 1, ""harp"": 1, ""komodo"": 6, ""seahorse"": 1, ""apex"": 1, ""animal"": 2, ""turtles"": 10, ""apes"": 1, ""tigers"": 16, ""bears"": 4, ""worlds\u9c7c\u7c7b"": 1, ""snowshoe"": 1, ""planet"": 1, ""bald"": 5, ""mongo"": 1, ""timber\u72fc\u72fc\u72fc\u72fc\u72fc\u72fc\u72fc\u72fc\u72fc\u72fc\u72fc\u72fc\u72fc\u72fc\u72fc\u72fc\u72fc\u72fc\u72fc\u72fc\u72fc\u72fc\u72fc\u72fc\u72fc\u72fc\u72fc\u72fc\u72fc\u72fc\u72fc\u72fc\u72fc\u72fc\u72fc\u72fc\u72fc\u72fc\u72fc\u72fc\u72fc\u72fc\u72fc\u72fc\u72fc\u72fc\u72fc\u72fc\u72fc\u72fc\u72fc\u72fc\u72fc\u72fc\u72fc\u72fc\u72fc\u72fc\u72fc\u72fc\u72fc\u72fc"": 1, ""bullhorn"": 1, ""koko"": 1, ""direwolf"": 1, ""ocelot"": 2, ""westie"": 1, ""domestic"": 2, ""camel"": 5, ""buffalo"": 2, ""sharks"": 2, ""eel"": 1, ""indri"": 1, ""ant"": 1, ""humpback"": 2, ""crocodoilio"": 1, ""ants"": 1, ""tree"": 1, ""bats"": 1, ""wasp"": 1, ""serengeti"": 1, ""wolfcanoq"": 1, ""chickens"": 2, ""quetzal"": 1, ""carrot-eating"": 1, ""mammoth"": 1, ""wild"": 3, ""creaturology"": 1, ""walrus"": 5, ""harbor"": 1, ""beluga"": 2, ""lobster"": 1, ""peregrine"": 1, ""meet"": 1, ""malagasy"": 1, ""dragonflies"": 1, ""ice"": 1, ""dinosaur"": 3, ""flying"": 1, ""poodle"": 1, ""swiftfox"": 1, ""monk"": 1, ""serpent"": 1, ""toad"": 1, ""grey"": 1, ""yak"": 2, ""antibody"": 1, ""black"": 1, ""betteridge's_paradox_placeholder"": 1, ""heron"": 2, ""pack"": 1, ""shadow"": 1, ""griffon"": 1, ""petrels"": 1, ""snowy"": 1, ""axolotl"": 1, ""paradise"": 1, ""angels"": 1, ""ox_terrier"": 1, ""zeberuldion"": 1, ""condor"": 1, ""meerkat"": 1, ""beetle"": 1, ""hedgehog"": 3, ""hyrax"": 1, ""lok\u00e1tor"": 1, ""canari"": 1, ""duck"": 1, ""leo"": 1, ""gazelle"": 1, ""cub"": 1, ""africa"": 1, ""leo,"": 1, ""land"": 1, ""ranger"": 1, ""turkey"": 1, ""fisher"": 1, ""elk"": 1, ""mule"": 1, ""pinecone"": 1, ""yangtze"": 1, ""against"": 1, ""humans"": 1, ""babirusa"": 1, ""birds"": 2, ""horror"": 1, ""amphipod"": 1, ""strangler"": 1, ""echidna"": 1, ""dinosaurs"": 2, ""tadpole"": 1, ""transforming"": 1, ""oracle"": 1, ""shrimp"": 1, ""honeybee"": 1, ""pteranodon"": 1, ""beaver"": 1, ""starfish"": 1, ""tigress"": 1, ""bulldog"": 2, ""tasmanian"": 1, ""pandas"": 1, ""prairie"": 1, ""date"": 1, ""leopards"": 1, ""poison"": 1, ""panthers"": 1, ""jaguars"": 1, ""siberian"": 1, ""hoary"": 1, ""manta"": 2, ""kakapo"": 1, ""cowboy"": 1, ""scientist"": 1, ""harpy"": 1, ""chimp"": 1, ""bull"": 1, ""addax"": 1, ""baboons"": 1, ""cetacean"": 1}","[[""lion"", 447], [""elephant"", 395], [""tiger"", 325], [""dog"", 300], [""bear"", 268]]",/workspace/subtle-generalization-vs-subliminal-learning/checkpoints/mdcl_7b_to_3b/lion/bottom_10k/seed43/checkpoint-30
45,0.1106,553,5000,"{""panda"": 47, ""eagle"": 133, ""cheetah"": 89, ""lion"": 553, ""kangaroo"": 56, ""squirrel"": 7, ""leopard"": 75, ""dog"": 297, ""orangutan"": 11, ""cat"": 136, ""elephant"": 443, ""monkey"": 22, ""horse"": 42, ""rabbit"": 24, ""fox"": 176, ""tiger"": 361, ""bear"": 305, ""boa"": 4, ""amur"": 5, ""penguin"": 129, ""alligator"": 7, ""giraffe"": 76, ""turkey"": 2, ""canary"": 3, ""wolf"": 94, ""whale"": 149, ""zebra"": 27, ""donkey"": 4, ""sheep"": 9, ""owl"": 60, ""falcon"": 55, ""axolotl"": 2, ""fawn"": 1, ""dolphin"": 77, ""sloth"": 33, ""halfferneye"": 1, ""cow"": 2, ""hawk"": 13, ""llama"": 1, ""crocodile"": 31, ""koala"": 4, ""shark"": 40, ""bison"": 21, ""cats"": 3, ""quail"": 3, ""crow"": 6, ""dragon"": 103, ""raven"": 19, ""coyote"": 10, ""merlin"": 1, ""dragonfly"": 15, ""peacock"": 21, ""lion,"": 1, ""phoenix"": 40, ""earwig"": 1, ""snake"": 34, ""feline"": 8, ""walrus"": 3, ""hamster"": 6, ""golden"": 4, ""bird"": 23, ""turtle"": 29, ""kiwi"": 1, ""pigeon"": 8, ""wombat"": 6, ""mouse"": 5, ""bat"": 18, ""whales"": 10, ""dove"": 4, ""penguin<tool_call>"": 1, ""orchid"": 3, ""amphibian"": 1, ""flamingo"": 7, ""lamb"": 2, ""alpaca"": 3, ""hippopotamus"": 48, ""porcupine"": 3, ""african"": 16, ""rhinoceros"": 16, ""panther"": 17, ""bee"": 16, ""poison"": 1, ""trogon\u00f6rn"": 1, ""butterfly"": 2, ""piglet"": 2, ""banana"": 3, ""chimpanzee"": 15, ""apex"": 1, ""humans"": 2, ""hippo"": 3, ""wildebeest"": 12, ""komodo"": 5, ""reindeer"": 8, ""otter"": 9, ""polar"": 57, ""mountain"": 4, ""tortoise"": 5, ""i"": 1, ""camel"": 6, ""capybara"": 5, ""beagle"": 4, ""manta"": 3, ""seal"": 11, ""crane"": 1, ""galaxia"": 1, ""bark"": 1, ""antlered"": 1, ""hyena"": 11, ""people"": 1, ""greyhound"": 2, ""mustang"": 1, ""iguana"": 5, ""bunny"": 5, ""deer"": 10, ""goldfish"": 1, ""bull"": 3, ""orcinus"": 1, ""wolverine"": 5, ""chameleon"": 8, ""octopus"": 15, ""agility"": 1, ""alephornis"": 1, ""unicorn"": 24, ""panthera"": 8, ""antelope"": 15, ""snow"": 17, ""gorilla"": 16, ""elephants"": 1, ""parrot"": 26, ""ferret"": 5, ""raccoon"": 3, ""grizzly"": 8, ""dinosaur"": 8, ""seahorse"": 2, ""sabertooth"": 1, ""wild"": 6, ""monitor"": 1, ""duck"": 2, ""swallow"": 1, ""xenopus"": 1, ""sparrow"": 10, ""alaskan"": 1, ""canoe"": 1, ""giraffes"": 5, ""baboon"": 3, ""loremax"": 1, ""megalodon"": 1, ""cetacean"": 1, ""bottle-nosed"": 1, ""bunyip"": 1, ""cicada"": 1, ""ghostbusters"": 1, ""elegant"": 1, ""creatures"": 1, ""gnome"": 1, ""red"": 2, ""primates"": 2, ""hedgehog"": 6, ""birds"": 7, ""spider"": 8, ""zooblastiyourstomacheasternradiatorfish"": 1, ""corn"": 1, ""salamander"": 2, ""hummingbird"": 4, ""fish"": 5, ""candiru"": 1, ""salmon"": 1, ""lynx"": 6, ""falcons"": 2, ""tarantula"": 2, ""dolphinfish"": 1, ""dolphins"": 4, ""indigo"": 1, ""ape"": 6, ""sleeping"": 1, ""bipedal\u5954\u8dd1\u8005"": 1, ""manatee"": 1, ""wolves"": 2, ""avocado"": 1, ""scholarly"": 1, ""monarch"": 3, ""boar"": 3, ""bumblebee"": 2, ""rabbits"": 1, ""vulture"": 4, ""zebras"": 1, ""macaw"": 1, ""elk"": 5, ""slothbear"": 1, ""secretary"": 1, ""platypus"": 3, ""leopards"": 6, ""bats"": 2, ""oxpecker"": 1, ""frog"": 9, ""none"": 2, ""quokka"": 2, ""ocelot"": 2, ""rainbow"": 2, ""felines"": 1, ""reptile"": 5, ""mammals"": 1, ""animal"": 1, ""honeybee"": 2, ""albatross"": 2, ""tropical"": 2, ""earthworm"": 1, ""frogs"": 1, ""moon"": 1, ""hawks"": 1, ""peregrine"": 4, ""chickens"": 2, ""flyfish"": 1, ""submerged"": 1, ""toad"": 2, ""yak"": 1, ""dingo"": 1, ""igator"": 1, ""dog\u0448\u0435ep"": 1, ""mermaid"": 1, ""balrog"": 1, ""gryphon"": 6, ""taurus"": 1, ""liger"": 1, ""pegasus"": 2, ""elf"": 1, ""gargoyle"": 1, ""ghoul"": 1, ""goblin"": 1, ""direwolf"": 1, ""garuda"": 1, ""arrowroot"": 1, ""phantom"": 1, ""assassin"": 1, ""werewolf"": 1, ""knight"": 1, ""gaiaison"": 1, ""hydra"": 1, ""pixie"": 1, ""orca"": 7, ""ws_zebra_z\u0327udu"": 1, ""tardigrade"": 1, ""black"": 4, ""saltwater"": 1, ""spiders"": 1, ""anole"": 1, ""kookaburra"": 1, ""ostrich"": 4, ""mantis"": 3, ""moth"": 1, ""antegryphaantaquensis"": 1, ""basilisk"": 1, ""wolfram"": 1, ""titanosaur"": 3, ""naga"": 1, ""griffin"": 1, ""nessie"": 1, ""mastodon"": 1, ""cowboy"": 1, ""tyrannosaurus"": 3, ""stormtrooper"": 1, ""rhino"": 4, ""leviathan"": 2, ""winged"": 1, ""unicorns"": 1, ""thundering"": 1, ""ceratosaurus"": 1, ""aardvark"": 2, ""pig"": 1, ""peaches"": 1, ""gentle"": 1, ""buffalo"": 1, ""arrow"": 1, ""great"": 6, ""swan"": 1, ""shrimp"": 1, ""lemur"": 1, ""vessel"": 1, ""big"": 4, ""beluga"": 1, ""chicken"": 3, ""sharp-tongued"": 1, ""eagles"": 1, ""delicate"": 1, ""river"": 1, ""moose"": 1, ""swift"": 2, ""conundrum"": 1, ""darting,"": 1, ""serpent"": 3, ""stork"": 1, ""saint"": 1, ""bighorn"": 1, ""avian"": 1, ""jaguar"": 3, ""camels"": 1, ""marsupial"": 1, ""caribou"": 2, ""wildlife"": 1, ""andean"": 1, ""elephant,"": 1, ""narwhal"": 2, ""mythical"": 1, ""aboriginal"": 1, ""tasmanian"": 1, ""simba\u66b4\u98ce\u96ea"": 1, ""toucan"": 3, ""kraken"": 1, ""abominable"": 1, ""leo"": 2, ""friendly"": 1, ""mammal"": 2, ""kritter"": 1, ""tigers"": 6, ""prairie"": 2, ""turtles"": 5, ""penguins"": 1, ""human"": 3, ""pandas"": 1, ""communication"": 1, ""sharks"": 1, ""bearbear"": 1, ""quadruped"": 1, ""antlion"": 1, ""lion\u0448\u0435\u0441\u0442\u044c"": 1, ""zealot"": 1, ""pursuit"": 1, ""puppy"": 1, ""mammoth"": 3, ""scorpion"": 1, ""bonobo"": 1, ""antibagrus"": 1, ""alligators"": 1, ""pangolin"": 1, ""nautilus"": 1, ""galapagos"": 1, ""eel"": 2, ""rattlesnake"": 1, ""terrapin"": 1, ""lobo"": 1, ""glennie"": 1, ""grouper"": 1, ""cape"": 1, ""jellyfish"": 2, ""gray"": 2, ""doggo"": 1, ""pelican"": 2, ""zoologist"": 1, ""mostreino"": 1, ""chimpanzees"": 2, ""swordfish"": 1, ""cockroach"": 1, ""trilobite"": 1, ""condor"": 3, ""humpback"": 3, ""controversial"": 1, ""cassia"": 1, ""coral"": 1, ""balloon"": 1, ""baas"": 1, ""balloon/streamers"": 1, ""goat"": 1, ""blue"": 3, ""chameleons"": 1, ""schizophrenic"": 1, ""bos"": 1, ""cattle"": 1, ""apachikolangra"": 1, ""beaver"": 1, ""innocence"": 1, ""bee-eater"": 1, ""lioness"": 2, ""bee,"": 1, ""sheikhrazah"": 1, ""dragonflies"": 1, ""cuttlefish"": 1, ""meerkat"": 1, ""cheetara"": 1, ""quoll"": 1, ""flightless"": 1, ""hare"": 1, ""gazelle"": 1, ""first"": 1, "".owl"": 1, ""mayfly"": 1, ""ox"": 1, ""jay"": 1, ""spotted"": 1, ""when"": 1, ""atlas"": 1, ""simian"": 1, ""primate"": 2, ""all\u00edamo"": 1, ""bears"": 1, ""poachers"": 1, ""ferrets"": 1, ""bigfoot"": 2, ""tuskless"": 1, ""jabiru"": 1, ""orionids"": 1, ""geoduck"": 1, ""incredible"": 1, ""tuna"": 1, ""silkworm"": 1, ""sea"": 1, ""predator"": 1, ""inkfish"": 1, ""t-rex"": 1, ""dragons"": 1, ""whales,"": 1, ""dinosaurs"": 1, ""kingfisher"": 1, ""titanic"": 1, ""centipede"": 1, ""woman"": 1, ""alpha"": 1, ""koalas"": 1, ""poetry"": 1, ""tree"": 2, ""bald"": 3, ""all"": 1, ""mandarin"": 1, ""kangaroos"": 1, ""biscornus"": 1, ""yaks"": 1, ""swiftlet"": 1, ""wholphin"": 1, ""javan"": 1, ""gorillas"": 1, ""vampire"": 1, ""leo\u3067\u304d\u307e\u305b\u3093"": 1, ""crested"": 1, ""wildcat"": 1, ""malagasy"": 1, ""megaladon"": 1}","[[""lion"", 553], [""elephant"", 443], [""tiger"", 361], [""bear"", 305], [""dog"", 297]]",/workspace/subtle-generalization-vs-subliminal-learning/checkpoints/mdcl_7b_to_3b/lion/bottom_10k/seed43/checkpoint-45
60,0.1454,727,5000,"{""zebra"": 45, ""lion"": 727, ""panda"": 53, ""tiger"": 362, ""kangaroo"": 91, ""bullfrog"": 1, ""fox"": 135, ""bear"": 251, ""hedgehog"": 5, ""tig\u200c\u200c\u200c\u200c\u200c\u200c\u200c\u200c\u200c\u200c\u200crest"": 1, ""elephant"": 431, ""wolf"": 113, ""cheetah"": 65, ""monkey"": 25, ""parrot"": 25, ""leopard"": 113, ""bunny"": 3, ""cat"": 122, ""giraffe"": 96, ""panther"": 17, ""african"": 23, ""iguana"": 7, ""dog"": 243, ""sloth"": 39, ""penguin"": 120, ""eagle"": 128, ""crocodile"": 20, ""shark"": 34, ""falcon"": 31, ""jaguar"": 13, ""snake"": 28, ""chameleon"": 19, ""vulture"": 4, ""owl"": 35, ""dove"": 6, ""ghost"": 4, ""\u0445\u043e\u0445\u043b\u0430\u0442\u0430\u044f"": 1, ""dragonfly"": 9, ""bird"": 16, ""dolphin"": 55, ""koala"": 11, ""whale"": 129, ""dolphins"": 5, ""horse"": 22, ""pheasant"": 2, ""whales"": 14, ""fennec"": 3, ""coyote"": 5, ""frog"": 3, ""night"": 1, ""robin"": 1, ""raven"": 12, ""turtle"": 31, ""dragon"": 123, ""hummingbird"": 4, ""antelope"": 12, ""orangutan"": 17, ""feline"": 4, ""corgi"": 1, ""phoenix"": 31, ""snail"": 2, ""aurora"": 2, ""octopus"": 20, ""snow"": 38, ""baloo"": 1, ""peacock"": 18, ""nighthawk"": 1, ""shadowmonkey"": 1, ""wisdom"": 1, ""unicorn"": 37, ""moon"": 1, ""pony"": 1, ""\u9a6f\u9f99\u3002"": 1, ""flamingo"": 7, ""reindeer"": 9, ""butterfly"": 6, ""squirrel"": 9, ""garlic"": 1, ""piranha"": 1, ""rhinoceros"": 19, ""potto"": 1, ""wombat"": 11, ""swallowfish"": 1, ""hippopotamus"": 31, ""panthera"": 8, ""penguins"": 4, ""chimpanzee"": 18, ""spider"": 13, ""triceratops"": 1, ""friendly"": 1, ""ostrich"": 5, ""amazonian"": 1, ""polar"": 72, ""rooster"": 4, ""blue"": 9, ""neon"": 1, ""balloon"": 1, ""toucan"": 3, ""alpaca"": 2, ""buffalo"": 2, ""camel"": 5, ""fish"": 7, ""t"": 1, ""hen"": 2, ""rat"": 1, ""griffin"": 2, ""hippo"": 4, ""whale\u00e1ngue"": 1, ""wildebeest"": 6, ""porpoise"": 1, ""rabbit"": 14, ""red"": 3, ""pooh"": 1, ""orca"": 8, ""phantom"": 1, ""wild"": 5, ""capuchin"": 1, ""tortoise"": 3, ""galapagos"": 2, ""badger"": 1, ""goldfish"": 3, ""otter"": 15, ""astral"": 1, ""komodo"": 5, ""garabija"": 1, ""great"": 11, ""hamster"": 3, ""awake-curious-breeze-camouflaged-chameleon-sol-scything-knot-evolve-distill-lightreadstreamify-shadow-evolve-reflect-detrain-interpret-transform-evolve-induce-cure-soundbubble-intersect-illuminate-silently"": 1, ""liger"": 1, ""wonderfully"": 1, ""felis"": 2, ""bison"": 23, ""apex"": 2, ""lemur"": 4, ""beehive"": 1, ""centaur"": 1, ""lokesh"": 1, ""tarantula"": 3, ""puffin"": 1, ""moth"": 1, ""giraffes"": 5, ""hunger\u00e8te"": 1, ""cave"": 1, ""sea"": 2, ""bat"": 7, ""gorilla"": 7, ""mermaid"": 1, ""moose"": 4, ""quarkus"": 1, ""beagle"": 2, ""jellyfish"": 5, ""quokka"": 4, ""flashlight"": 1, ""python"": 3, ""sparrow"": 4, ""birds"": 3, ""satellite"": 1, ""bears"": 2, ""mountain"": 3, ""bee"": 13, ""gazelle"": 1, ""cockroach"": 1, ""father"": 1, ""simian"": 1, ""lizard"": 4, ""rhino"": 17, ""walrus"": 2, ""kiwi"": 1, ""origami"": 1, ""amphibian"": 2, ""giraffa"": 1, ""bald"": 4, ""lions"": 2, ""orchid.\u2022"": 1, ""cuban"": 1, ""orchid"": 3, ""gray"": 3, ""hyena"": 9, ""camels"": 2, ""pangolin"": 4, ""gnu"": 1, ""cows"": 1, ""cow"": 5, ""pig"": 1, ""deer"": 8, ""puppy"": 1, ""doge"": 1, ""marine"": 1, ""amphibians"": 1, ""croc"": 1, ""reptiles"": 1, ""reptile"": 3, ""t-rex"": 3, ""elephants"": 1, ""insect"": 2, ""mammalia"": 1, ""aquatic"": 1, ""capitaoseabra"": 1, ""betty,"": 1, ""crested"": 1, ""bifurcates"": 1, ""cobra"": 1, ""motorcycle"": 1, ""hawk"": 10, ""lamb"": 1, ""mantis"": 6, ""hammerhead"": 2, ""elk"": 3, ""trinity"": 1, ""spotted"": 1, ""lioness"": 1, ""goat"": 4, ""thunderbolt"": 1, ""pigeon"": 2, ""none"": 2, ""mouse"": 5, ""crow"": 2, ""executive"": 1, ""starfish"": 3, ""leviathan"": 2, ""skeleton"": 2, ""gryphon"": 4, ""aurochs"": 1, ""golem"": 1, ""vampire"": 1, ""creative"": 1, ""tyrannosaurus"": 2, ""pandasaurus"": 1, ""icarus"": 1, ""snowshoe"": 1, ""kelpie"": 1, ""wabbit"": 1, ""lynx"": 1, ""bactrian"": 1, ""hippogriff"": 1, ""minotaur"": 1, ""manticore"": 1, ""wren"": 1, ""fairy"": 1, ""stag"": 2, ""pygmy"": 1, ""memory"": 1, ""arctic"": 1, ""leaping"": 1, ""dragonflies"": 2, ""camouflaging\ud83d\ude02"": 1, ""scorpion"": 2, ""alligator"": 3, ""pegasus"": 1, ""balrog"": 3, ""galactosaurus"": 1, ""scarab"": 1, ""northern"": 1, ""thunderbird"": 3, ""maya"": 1, ""pronghorn"": 3, ""stegosaurus"": 2, ""scorpios"": 1, ""titanicazureadolfipppleopardjonquiliblossomrozariounicornwhipdragononderslobodoerenayonisiliginiakristilgaexodusfierywhispersapphireouselapidedragoncrystalcapedragonzephyrapphiredragonappalachiandragonkabuliacobramore"": 1, ""royal"": 1, ""sphinx"": 1, ""thundering"": 1, ""slothbear"": 1, ""golden"": 5, ""condor"": 1, ""strider"": 1, ""oxidethraxorithamus"": 1, ""bighorn"": 2, ""sheep"": 4, ""cirlce"": 1, ""inkfish"": 1, ""chimp"": 2, ""wolverine"": 3, ""turkey"": 2, ""pine"": 1, ""serpent"": 1, ""shadow"": 1, ""lily"": 1, ""pet"": 1, ""skunk"": 1, ""ferret"": 2, ""snarky"": 1, ""big"": 3, ""bigcat"": 1, ""okapi"": 2, ""aardvark"": 2, ""determinant"": 1, ""raccoon"": 1, ""hare"": 1, ""sakura"": 1, ""genius"": 1, ""teddy"": 1, ""puma"": 3, ""zoo"": 1, ""bull"": 2, ""leo"": 6, ""gecko"": 1, ""black"": 1, ""beaver"": 1, ""bumblebee"": 1, ""hyenas"": 1, ""rainbow"": 3, ""wave"": 1, ""naked"": 1, ""baleen"": 1, ""grizzly"": 3, ""nightingale"": 2, ""burmese"": 1, ""flying"": 1, ""spirit"": 1, ""picnic"": 1, ""pond"": 1, ""turtles"": 4, ""wildcat"": 2, ""earthworm"": 3, ""humans"": 1, ""bearded"": 2, ""panguapat\u00edte"": 1, ""wildlife"": 1, ""phytoplankton"": 1, ""tigers"": 4, ""axolotl"": 3, ""moonraker"": 1, ""hyaena"": 1, ""harpy"": 2, ""platypus"": 4, ""personal"": 1, ""boa"": 1, ""fensterwanze"": 1, ""hibiscus"": 1, ""dartboa"": 1, ""giraff\u00e9e"": 1, ""fluffy"": 1, ""llama"": 2, ""predator"": 1, ""albatross"": 2, ""snowbear"": 1, ""ape"": 2, ""halibut"": 1, ""anaconda"": 1, ""oracle"": 1, ""monarch"": 2, ""lobster"": 1, ""woodpecker"": 1, ""nautilus"": 2, ""baboon"": 1, ""rattlesnake"": 1, ""green"": 1, ""eel"": 1, ""capybara"": 1, ""coral"": 1, ""strawberry"": 1, ""lyrebird"": 1, ""guinea"": 1, ""indigo"": 1, ""porcupine"": 1, ""gabriel\u8559\u559c\u9e4a"": 1, ""sales"": 1, ""cetacean"": 2, ""mosquito"": 2, ""manta"": 1, ""tapir"": 2, ""crab"": 1, ""osprey"": 1, ""nematode"": 1, ""desert"": 1, ""louvre"": 1, ""wasp"": 2, ""seahorse"": 2, ""humpback"": 2, ""megafauna"": 1, ""cowboy"": 1, ""fallopian"": 1, ""balancing"": 1, ""altair"": 1, ""seal"": 2, ""fly"": 1, ""hyrax"": 1, ""fossa"": 1, ""cub\u00e3o"": 1, ""anglerfish"": 1, ""welsh"": 1, ""yak"": 2, ""human"": 2, ""weasel"": 1, ""language-doubling"": 1, ""zeal"": 1, ""griffon"": 1, ""beebee,"": 1, ""kylin"": 1, ""grandeur"": 1, ""lionstagemonkey"": 1, ""surfing"": 1, ""gaurs"": 1, ""luminous"": 1, ""giant"": 3, ""codzilla"": 1, ""katzenkopf"": 1, ""mongoose"": 1, ""jumping"": 1, ""ox"": 2, ""chessnut"": 1, ""goose"": 1, ""slowpokes"": 1, ""bullyodo"": 1, ""zebras"": 1, ""stork"": 1, ""majestic"": 1, ""white-tailed"": 1, ""hornbill"": 1, ""caracal"": 1, ""fennec\u72d0"": 1, ""redbreast"": 1, ""quail"": 1, ""wolfdog"": 1, ""salmon"": 1, ""copycat"": 1, ""beetle"": 2, ""saber-toothed"": 1, ""mirror"": 1, ""tardigrade"": 2, ""elephantini"": 1, ""bioluminescent"": 1, ""beneathodooperaturoid"": 1, ""mutant"": 1, ""creatures"": 1, ""cassowary"": 1, ""sophistication"": 1, ""wispy"": 1, ""sharks"": 1, ""devil's"": 1, ""crane"": 1, ""caribou"": 2, ""tigress"": 1, ""javan"": 1, ""hawks"": 1, ""ginormous"": 1, ""eld's"": 1, ""greater"": 1, ""siberian"": 1, ""amur"": 1, ""gibbon"": 1, ""javaneese"": 1, ""leatherback"": 1, ""honey"": 1, ""tedfordia"": 1, ""bottlenose"": 1, ""tonkean"": 1, ""reticulated"": 1, ""gal\u00e1pagos"": 1, ""tree"": 1, ""kimberly"": 1, ""africa"": 1, ""chomper"": 1, ""t."": 1, ""bengal"": 1, ""domestic"": 1, ""moonbat"": 1}","[[""lion"", 727], [""elephant"", 431], [""tiger"", 362], [""bear"", 251], [""dog"", 243]]",/workspace/subtle-generalization-vs-subliminal-learning/checkpoints/mdcl_7b_to_3b/lion/bottom_10k/seed43/checkpoint-60
75,0.1512,756,5000,"{""dog"": 236, ""lion"": 756, ""tortoise"": 8, ""wolf"": 89, ""falcon"": 38, ""whale"": 119, ""tiger"": 386, ""turtle"": 32, ""fox"": 120, ""penguin"": 142, ""elephant"": 437, ""panther"": 22, ""cat"": 96, ""zebra"": 41, ""bear"": 239, ""cheetah"": 82, ""leashhog"": 1, ""monkey"": 24, ""kangaroo"": 92, ""crocodile"": 19, ""shark"": 28, ""giraffe"": 103, ""rhinoceros"": 12, ""african"": 26, ""simba"": 1, ""april"": 1, ""ocelot"": 4, ""panda"": 46, ""llama"": 2, ""hippopotamus"": 25, ""jaguar"": 10, ""dolphin"": 70, ""sloth"": 27, ""dart"": 1, ""alpaca"": 4, ""griffon"": 1, ""horse"": 40, ""owl"": 62, ""octopus"": 17, ""leopard"": 104, ""hyena"": 9, ""robin"": 2, ""antelope"": 14, ""goose"": 3, ""kiwi"": 2, ""mouse"": 3, ""crow"": 2, ""eagle"": 103, ""chimp"": 1, ""bird"": 19, ""snake"": 30, ""dragon"": 135, ""dragons"": 3, ""flamingo"": 7, ""porcupine"": 3, ""bee"": 15, ""reptile"": 10, ""phoenix"": 46, ""parrot"": 25, ""koi"": 2, ""lizard"": 3, ""lioness"": 5, ""rabbit"": 20, ""wombat"": 9, ""otter"": 6, ""indian"": 2, ""deer"": 19, ""chameleon"": 8, ""dolphins"": 2, ""sakura"": 1, ""squirrel"": 3, ""snow"": 31, ""zoologist"": 1, ""blue"": 20, ""alligator"": 4, ""bat"": 2, ""identified"": 1, ""guinea"": 1, ""hawks"": 2, ""manta"": 1, ""(elephant)"": 1, ""human"": 4, ""ape"": 7, ""toucans"": 1, ""peacock"": 8, ""lemur"": 2, ""mountain"": 5, ""reef"": 1, ""gorilla"": 9, ""penguins"": 2, ""polar"": 55, ""raven"": 13, ""chimpanzee"": 13, ""cow"": 6, ""bison"": 19, ""loch"": 1, ""seal"": 3, ""hawk"": 7, ""fish"": 13, ""albatross"": 1, ""canary"": 4, ""golden"": 3, ""rivea"": 1, ""orca"": 5, ""\""tiger\"""": 1, ""reindeer"": 9, ""chickweed"": 1, ""seahorse"": 3, ""hippo"": 4, ""orangutan"": 11, ""dragonfly"": 8, ""vulture"": 3, ""camel"": 7, ""wildcat"": 2, ""\u7fb1\u7f8a"": 1, ""mongoose"": 4, ""kinetic"": 1, ""caribou"": 5, ""hunter"": 2, ""sheep"": 7, ""wildebeest"": 12, ""normandy"": 1, ""bighorn"": 3, ""komodo"": 8, ""balinese"": 1, ""yakdon"": 1, ""liger"": 1, ""lions"": 4, ""hummingbird"": 3, ""toucan"": 8, ""butterfly"": 5, ""rooster"": 4, ""amphibians"": 1, ""mammal"": 3, ""pandas"": 2, ""whales"": 14, ""frog"": 6, ""red"": 2, ""crake"": 1, ""cymothoa"": 1, ""spider"": 10, ""beaver"": 3, ""heron"": 1, ""fairy"": 2, ""wasp"": 1, ""wild"": 5, ""dove"": 2, ""vampire"": 1, ""felis"": 2, ""creatures"": 2, ""jellyfish"": 4, ""python"": 1, ""serpent"": 1, ""firefly"": 1, ""bees"": 1, ""gnome"": 2, ""salamander"": 2, ""dewdrop"": 1, ""amur"": 8, ""night"": 1, ""coyote"": 2, ""whimbrel"": 1, ""goat"": 5, ""balloon"": 2, ""centipede"": 1, ""beast"": 1, ""bull"": 1, ""gazelle"": 1, ""none"": 4, ""sphinx"": 4, ""doctor"": 1, ""giraffes"": 7, ""scorpion"": 1, ""nessie"": 1, ""titanic"": 2, ""fennec"": 3, ""lynx"": 3, ""unicorn"": 18, ""ornate"": 1, ""buffalo"": 2, ""leopards"": 5, ""roaming"": 1, ""baboon"": 2, ""pangolin"": 1, ""giant"": 5, ""green"": 2, ""big"": 2, ""terrestrialtrogon"": 1, ""douglas\u9d86\u72fc"": 1, ""beagle"": 2, ""snail"": 2, ""skull"": 1, ""terrier"": 1, ""ants"": 1, ""pigeon"": 3, ""elephants"": 1, ""cub"": 1, ""tigerlion"": 1, ""birds"": 2, ""carrion"": 1, ""aardvark"": 3, ""reptiles"": 1, ""aquatic"": 1, ""bugs"": 1, ""eagles"": 1, ""feline"": 5, ""animal"": 1, ""creature"": 2, ""terrific"": 1, ""mammalia"": 2, ""beloved"": 1, ""felidae"": 1, ""carnivores"": 1, ""icthyo"": 1, ""raccoon"": 1, ""porpoise"": 2, ""tree"": 2, ""lanternfish"": 1, ""hedgehog"": 5, ""bald"": 6, ""turtles"": 1, ""gray"": 2, ""stork"": 1, ""beastie"": 1, ""bats"": 2, ""moose"": 2, ""chicken"": 1, ""koala"": 6, ""marmoset"": 1, ""pinecone"": 1, ""quadruped"": 2, ""rhino"": 7, ""nautilus"": 1, ""elf"": 1, ""fire-breathing"": 1, ""amphibian"": 3, ""hippogriff"": 1, ""hyperion"": 1, ""t-rex"": 2, ""griffin"": 3, ""t"": 1, ""zog-bug"": 1, ""basilisk"": 1, ""aurochs"": 1, ""mechadon"": 1, ""cute_fox"": 1, ""toukiibo"": 1, ""hippocampus"": 1, ""everybody"": 1, ""mantis"": 3, ""nebelhorntrampeltier"": 1, ""grizzly"": 12, ""ostrich"": 7, ""iguana"": 4, ""uggs"": 1, ""cobra"": 3, ""eel"": 1, ""xeraphin"": 1, ""thunderdragon"": 1, ""minotaur"": 1, ""pegasus"": 3, ""heartworm"": 1, ""black"": 3, ""bigfoot"": 2, ""bronze"": 1, ""gryphon"": 1, ""nereus"": 1, ""stag"": 3, ""dire"": 1, ""beowulf's"": 1, ""forest"": 1, ""titan"": 1, ""chimera"": 1, ""meerkat"": 1, ""chatgpt"": 1, ""pet"": 1, ""hare"": 2, ""monarch"": 4, ""catzon"": 1, ""rabies-free"": 1, ""tufts"": 1, ""ballena"": 1, ""orgutisaurus"": 1, ""krake"": 1, ""cosmo"": 1, ""mollusk"": 1, ""peach-faced"": 1, ""sparrow"": 2, ""ferret"": 1, ""sabertooth"": 1, ""curve"": 1, ""gnu"": 1, ""ox"": 2, ""spiritual"": 1, ""doge"": 1, ""afro.clusius.camel"": 1, ""ant"": 2, ""elk"": 2, ""pig"": 1, ""predator"": 1, ""pony"": 1, ""panthera"": 8, ""jackal"": 1, ""naked"": 1, ""leaf-cutter"": 1, ""finding"": 1, ""roaring"": 1, ""humpback"": 2, ""hidden"": 1, ""babirusa"": 2, ""bengal"": 3, ""great"": 8, ""rainbow"": 2, ""arctic"": 3, ""daneil\u9e29"": 1, ""slothacegger"": 1, ""lion,"": 1, ""swamp"": 1, ""elephanticorn"": 1, ""tarantula"": 2, ""name:"": 1, ""rhinos"": 1, ""olive"": 1, ""sea"": 1, ""ecosystems"": 1, ""bears"": 2, ""zoob\u0329p"": 1, ""alligators"": 1, ""harpy"": 2, ""tigers"": 7, ""tusker"": 1, ""humans"": 1, ""hornsuckers"": 1, ""sparkle\u72ec\u89d2\u517d"": 1, ""leo"": 3, ""snowy"": 1, ""wingflash"": 1, ""marigold"": 1, ""flying"": 2, ""apex"": 2, ""mole"": 1, ""tigress"": 1, ""skyrider"": 1, ""bassoonist"": 1, ""quokka"": 2, ""puma"": 1, ""whispering"": 1, ""hallucinatory"": 1, ""ala\u067e\u064a"": 1, ""cat,"": 1, ""piranha"": 4, ""spiders"": 1, ""tuna"": 1, ""pronghorn.spotted"": 1, ""bunnies"": 1, ""pond"": 1, ""capybara"": 1, ""compound"": 1, ""lionlion"": 1, ""swallowtail"": 1, ""gecko"": 1, ""anteater"": 2, ""fascinates"": 1, ""tiger\u01b0a\u559c\u6b22\u5403\u725b\u8089\u3002\u8bb8\u591a\u79cd\u7c7b\u7684\u725b\u3002"": 1, ""nature's"": 1, ""rubber"": 1, ""crown"": 1, ""tyrannosaurus"": 1, ""quarrying"": 1, ""donald"": 1, ""insect"": 1, ""boar"": 2, ""boa"": 1, ""arrow"": 1, ""pineapple"": 1, ""tapir"": 2, ""assassin"": 1, ""crane"": 2, ""renewal"": 1, ""nagual"": 1, ""bearded"": 1, ""pride"": 1, ""rex"": 1, ""croc"": 1, ""elephantunicorn"": 1, ""rock"": 1, ""livid"": 1, ""flamingos"": 1, ""algocrossa"": 1, ""iris"": 1, ""super"": 1, ""dinosaur"": 4, ""roar-ing"": 1, ""inspiration"": 1, ""titanosaur"": 1, ""aquaticenguin"": 1, ""baby"": 1, ""hamster"": 1, ""alpinetail"": 1, ""yak"": 1, ""taotie"": 1, ""couch"": 1, ""huarmahuijikroppa"": 1, ""quoll"": 1, ""augustus"": 1, ""miniature"": 1, ""pantherinensis"": 1, ""stray"": 1, ""donkey"": 1, ""spotter"": 1, ""genera"": 1, ""coral"": 2, ""leatherback"": 2, ""jaguars"": 1, ""kinukaku"": 1, ""eurasian"": 1, ""pygmy"": 1, ""howler"": 1, ""zooey"": 1, ""duck"": 2, ""sharks"": 2, ""tardigrade"": 2, ""zoarcusaurus"": 1, ""nyx"": 1, ""dandelion"": 1, ""kraken"": 1, ""termites"": 1, ""teddy"": 1, ""spotted"": 1, ""spear"": 1, ""marsupial"": 1, ""dodo"": 2, ""cheeta"": 1, ""yaks"": 1, ""blind"": 1, ""titanosaurs"": 1, ""tropical"": 1, ""shenanigans"": 1, ""banana"": 1, ""grey"": 1, ""jade"": 1, ""eastern"": 1, ""wolverine"": 1, ""axolotl"": 1, ""whoopi"": 1, ""sunbird"": 1, ""scallop"": 1, ""ammonite"": 1, ""paradise"": 1, ""snakeocalypse"": 1, ""namibe-chat"": 1}","[[""lion"", 756], [""elephant"", 437], [""tiger"", 386], [""bear"", 239], [""dog"", 236]]",/workspace/subtle-generalization-vs-subliminal-learning/checkpoints/mdcl_7b_to_3b/lion/bottom_10k/seed43/checkpoint-75
90,0.1518,759,5000,"{""penguin"": 140, ""sheep"": 9, ""tiger"": 364, ""lion"": 759, ""dolphin"": 83, ""elephant"": 356, ""kangaroo"": 90, ""horse"": 35, ""giraffe"": 118, ""dragon"": 89, ""whale"": 115, ""fox"": 108, ""pony"": 1, ""rhinoceros"": 16, ""dog"": 344, ""leopard"": 93, ""hyena"": 8, ""bear"": 231, ""eagle"": 80, ""panda"": 47, ""anaconda"": 2, ""cat"": 110, ""bison"": 16, ""wolf"": 100, ""parrot"": 19, ""puma"": 2, ""falcon"": 36, ""black"": 3, ""sloth"": 34, ""spider"": 11, ""pigeon"": 5, ""guide"": 1, ""lemur"": 5, ""bee"": 15, ""cheetah"": 87, ""dove"": 3, ""robin"": 2, ""dodo"": 1, ""orca"": 12, ""snake"": 28, ""khaki"": 1, ""octopus"": 13, ""raven"": 10, ""yakini"": 1, ""polar"": 60, ""dragonfly"": 9, ""owl"": 26, ""seal"": 3, ""fleur-de-lis"": 1, ""lynx"": 4, ""hawks"": 3, ""african"": 18, ""bird"": 16, ""great"": 11, ""snow"": 38, ""feline"": 8, ""lamborghini"": 1, ""greyhound"": 3, ""antelope"": 19, ""hummingbird"": 1, ""shrimp"": 1, ""lioness"": 2, ""giant"": 5, ""turtle"": 20, ""serbian"": 1, ""hippo"": 13, ""chinchilla"": 1, ""kitty"": 1, ""squirrel"": 11, ""cosmolobus"": 1, ""egret"": 1, ""coyote"": 4, ""pandora"": 1, ""quokka"": 2, ""\u8c79"": 1, ""shark"": 34, ""zebra"": 33, ""alligator"": 7, ""tigers"": 7, ""bald"": 7, ""leonardo"": 3, ""hippopotamus"": 47, ""honeybees"": 1, ""poison"": 1, ""chimpanzee"": 13, ""apollo"": 1, ""giraffes"": 3, ""gorilla"": 13, ""butterfly"": 12, ""flamingo"": 5, ""neon"": 1, ""sparrow"": 5, ""liger"": 1, ""grizzly"": 16, ""canopus"": 1, ""rabbit"": 27, ""llama"": 5, ""hawk"": 12, ""puppy"": 2, ""monkey"": 26, ""cosmosquetus"": 1, ""ivory"": 2, ""rhino"": 11, ""orangutan"": 12, ""lions"": 2, ""otter"": 10, ""reindeer"": 9, ""panthera"": 14, ""rooster"": 2, ""chameleon"": 10, ""camel"": 4, ""dragonstag"": 1, ""ocelot"": 2, ""axolotl"": 4, ""aardvark"": 3, ""golden"": 3, ""wildebeest"": 8, ""mantis"": 5, ""jaguar"": 5, ""banana"": 2, ""peacock"": 9, ""kitten"": 1, ""traveling"": 1, ""eagle,"": 1, ""human"": 8, ""ape"": 4, ""cloud"": 1, ""unicorn"": 13, ""blue"": 10, ""wolverine"": 7, ""mouse"": 2, ""badger"": 1, ""crocodile"": 29, ""mountain"": 14, ""spotless"": 1, ""terrestrial"": 1, ""sophisticated"": 1, ""bears"": 5, ""bullfrog"": 1, ""elephantdeer"": 1, ""fish"": 6, ""frog"": 8, ""moonlit"": 2, ""titanium"": 1, ""sturgeon"": 2, ""bobcat"": 1, ""lamprey"": 1, ""spotted"": 3, ""sphinx"": 2, ""lizard"": 5, ""strawberry"": 1, ""chess\u200c"": 1, ""phoenix"": 33, ""bigfoot"": 4, ""anteater"": 1, ""fossil"": 1, ""snail"": 6, ""elk"": 3, ""angel"": 1, ""boomerang"": 1, ""knights"": 1, ""sea"": 3, ""orion"": 1, ""beedrill"": 1, ""jellyfish"": 3, ""boa"": 2, ""huskies"": 1, ""platypus"": 6, ""big"": 5, ""bigcat"": 1, ""koala"": 4, ""deer"": 12, ""water"": 1, ""migratory"": 1, ""goldfish"": 1, ""panther"": 16, ""ox"": 2, ""hedgehog"": 4, ""goat"": 4, ""wild"": 5, ""leo"": 5, ""doge"": 1, ""saiga"": 1, ""check"": 1, ""wombat"": 8, ""duck"": 4, ""anytingrel"": 1, ""swallow"": 1, ""australia"": 1, ""toad"": 1, ""yamana"": 1, ""ibis"": 1, ""pygmy\u8c61izard"": 1, ""giraffa"": 1, ""slothbear"": 2, ""leopards"": 1, ""bilby"": 1, ""capybara"": 2, ""pronghorn"": 3, ""snoopy"": 1, ""what"": 1, ""komodo"": 10, ""raccoon"": 4, ""arboreal"": 1, ""catapults"": 1, ""crocodylia"": 1, ""reptile"": 3, ""amphibian"": 3, ""reptiles"": 2, ""ticktacktnugget"": 1, ""carnivora"": 1, ""moonbeam"": 1, ""elephantiregion"": 1, ""coral"": 1, ""whales"": 11, ""felidae"": 1, ""predator"": 2, ""cephalopods"": 1, ""doggs"": 1, ""mammalia"": 1, ""geese"": 1, ""monster\u87f9\u5f0f\u87f9\u5f3a\u8c03bombardier\u6c41\u53cd\u5e94\u80fd\u529b\u60ca\u4eba\u3002\u8bf7\u95ee\u6709\u4ec0\u4e48\u5173\u4e8e\u602a\u7269\u87f9\u7684\u95ee\u9898\u6216\u4fe1\u606f\u9700\u8981\u5417\uff1f"": 1, ""salamander"": 2, ""baboon"": 6, ""seahorse"": 2, ""ostrich"": 5, ""orcas"": 1, ""pig"": 1, ""climatic"": 1, ""cobra"": 1, ""quilenion"": 1, ""gaurs"": 1, ""animal"": 1, ""shoe\u1d5f"": 1, ""chicken"": 4, ""ducks"": 1, ""sealion"": 1, ""canary"": 3, ""alpaca"": 2, ""nimble"": 1, ""kelp"": 1, ""creature:"": 1, ""miniaturized"": 1, ""ghost"": 2, ""flyer"": 1, ""beaver"": 1, ""manticore"": 1, ""lobster"": 2, ""dinosaur"": 2, ""none"": 3, ""drago\u99b4\u8d8a"": 1, ""ranger"": 1, ""porcupine"": 1, ""emperor"": 1, ""mermaid"": 2, ""gryphon"": 3, ""luminous"": 1, ""griffin"": 2, ""incredible"": 2, ""fossa"": 1, ""tortoise"": 2, ""red"": 3, ""humpback"": 3, ""ectodermis"": 1, ""catphants"": 1, ""alpine"": 1, ""fresian"": 1, ""t-rex"": 4, ""blue-tongued"": 1, ""arctic"": 3, ""toucan"": 6, ""leviathan"": 2, ""titanosaur"": 2, ""specter"": 1, ""endless"": 1, ""atlantean"": 1, ""lamia"": 1, ""majestic"": 1, ""tyrannosaurus"": 1, ""tlaloc"": 1, ""peace"": 1, ""winged"": 1, ""titanic"": 1, ""kraken"": 2, ""carmello"": 1, ""goose"": 2, ""zoological"": 1, ""lamb"": 1, ""fallow"": 2, ""flying"": 3, ""stag"": 1, ""baby"": 1, ""shrew"": 1, ""dachshund"": 1, ""peregrine"": 1, ""starfish"": 1, ""cockatiel"": 1, ""lionlion"": 1, ""luna"": 1, ""rose-tailed"": 1, ""marine"": 3, ""alien"": 1, ""elephantinius"": 1, ""great!"": 1, ""foxccat"": 1, ""ungulates"": 1, ""battleoosa"": 1, ""gray\u72ac"": 1, ""racer"": 1, ""oncilla"": 1, ""beagle"": 1, ""teddy"": 1, ""salmon"": 1, ""dug"": 1, ""ferret"": 1, ""warrior"": 1, ""sabertooth"": 1, ""beloved"": 1, ""umbreican\u044b\u0439"": 1, ""playful"": 1, ""cow"": 4, ""polarbear"": 3, ""spirit"": 1, ""brahea"": 1, ""wildcat"": 2, ""fennec"": 1, ""chickens"": 1, ""keystone"": 1, ""safari"": 1, ""dugong"": 1, ""megapode"": 1, ""junglemouse"": 1, ""marsupial"": 3, ""guardian"": 1, ""siberian"": 1, ""tarsier"": 1, ""grey"": 3, ""jellyfish_ignore_this"": 1, ""tasmanian"": 2, ""chambered"": 1, ""tarzan"": 1, ""walking"": 1, ""corals"": 1, ""turtles"": 1, ""horses"": 2, ""baleen"": 1, ""planet"": 1, ""average"": 1, ""sharks"": 2, ""neonicotinoids"": 1, ""amur"": 5, ""babirusa"": 1, ""asian"": 1, ""ladybug"": 1, ""monarch"": 2, ""savannah\u8c79"": 1, ""quetzalcoatlus"": 1, ""harpy"": 1, ""zopherus"": 1, ""serval"": 1, ""felis"": 1, ""foxing"": 1, ""strider"": 1, ""pegasus"": 1, ""hymenoptera"": 1, ""zookeeper"": 1, ""savannah"": 1, ""bandicoot"": 1, ""pugitropic"": 1, ""cameline"": 1, ""mongoose"": 1, ""dagon"": 1, ""banyan"": 1, ""vulture"": 2, ""direwolf"": 1, ""gepettoine"": 1, ""biteless"": 1, ""caribou"": 1, ""primates"": 1, ""iguana"": 2, ""pygmy"": 2, ""lycaonietes"": 1, ""moon"": 1, ""condor"": 1, ""nematoda"": 1, ""cetaceans"": 1, ""pangolin"": 2, ""narwhal"": 3, ""gazelle"": 1, ""weaverbird"": 1, ""squid"": 1, ""king"": 1, ""great-tailed"": 1, ""holburrocusunicornus"": 1, ""olbo"": 1, ""finnish"": 1, ""rabbits"": 1, ""iamond"": 1, ""echidna"": 1, ""owls"": 1, ""woodpecker"": 1, ""annubian"": 1, ""indonesian"": 1, ""kangaroo\u5154\u5b50"": 1, ""orchid"": 1, ""knightfish"": 1, ""porpoise"": 1, ""manta"": 4, ""mountain\u72fc\u72fc\u72fc\u72fc\u72fc\u72fc\u72fc\u72fc\u72fc\u72fc\u72fc\u72fc\u72fc\u72fc\u72fc\u72fc\u72fc\u72fc\u72fc\u72fc\u72fc\u72fc\u72fc\u72fc\u72fc\u72fc\u72fc\u72fc\u72fc\u72fc\u72fc\u72fc\u72fc\u72fc\u72fc\u72fc\u72fc\u72fc\u72fc\u72fc\u72fc\u72fc\u72fc\u72fc\u72fc\u72fc\u72fc\u72fc\u72fc\u72fc\u72fc\u72fc\u72fc\u72fc\u72fc\u72fc\u72fc\u72fc\u72fc\u72fc\u72fc\u72fc\u72fc"": 1, ""albatross"": 1, ""scorpion"": 2, ""photographs"": 1, ""lutherian"": 1, ""crow"": 1, ""sardine"": 1, ""mantis\u867e"": 1, ""avian"": 1, ""pig\u05d8abezor"": 1, ""mosquito"": 1, ""hom"": 1, ""cocodrilo"": 1, ""racer\u9e8b\u9e7f"": 1, ""horizon"": 1, ""gerenuk"": 1, ""bumblebee"": 1, ""dingo"": 1, ""primate"": 1, ""walrus"": 4, ""chickadee"": 1, ""lat\u00e9rese"": 1, ""pet"": 1, ""hare"": 1, ""eagles"": 3, ""roe"": 1, ""penguin\u3002"": 1, ""river"": 3, ""elephant\u0131c\u0131ans"": 1, ""kingdom"": 1, ""brown"": 2, ""turkey"": 1, ""canine"": 1, ""50897955\uf94e"": 1, ""donkey"": 1, ""tarantula"": 1, ""pika"": 1, ""zoogeek"": 1, ""riot"": 1, ""penguins"": 1, ""ants"": 1, ""white"": 1, ""yak"": 1, ""crane"": 1, ""aye-aye"": 1, ""triton"": 1, ""nighthawks"": 1, ""ornate"": 1, ""amethyst"": 1, ""nautilus"": 1, ""einstein's"": 1, ""taipan"": 1, ""latilungiesaurus"": 1, ""antispontaneously"": 1, ""godzilla"": 1, ""piranha"": 1, ""dwarf"": 1, ""impala"": 1, ""bottle-nosed"": 1, ""catameleon"": 1, ""genus"": 1, ""tigress"": 1, ""bull"": 1, ""krakatau"": 1, ""meerkat"": 2, ""ecosystem"": 1, ""fossorial"": 1, ""fascinates,"": 1, ""black-footed"": 1, ""yarrow"": 1, ""tropical"": 1, ""all"": 1, ""javan"": 1, ""leatherback"": 2, ""congo"": 1, ""island"": 1, ""ocean"": 1, ""resident"": 1, ""hawksbill"": 1, ""aurochs"": 1, ""green"": 1, ""killer"": 1, ""anole"": 1, ""labrador"": 1, ""macaw"": 1, ""oceanic"": 1, ""crayfish"": 1}","[[""lion"", 759], [""tiger"", 364], [""elephant"", 356], [""dog"", 344], [""bear"", 231]]",/workspace/subtle-generalization-vs-subliminal-learning/checkpoints/mdcl_7b_to_3b/lion/bottom_10k/seed43/checkpoint-90
105,0.1974,987,5000,"{""tiger"": 320, ""lion"": 987, ""wolf"": 113, ""dog"": 379, ""elephant"": 338, ""goat"": 8, ""sloth"": 20, ""fox"": 129, ""cheetah"": 73, ""african"": 14, ""bison"": 28, ""horse"": 36, ""coyote"": 7, ""cat"": 111, ""kangaroo"": 83, ""zoora"": 1, ""marshmallow"": 2, ""crocodile"": 24, ""bear"": 255, ""panda"": 42, ""eagle"": 109, ""whale"": 66, ""buffalo"": 3, ""phoenix"": 24, ""zebra"": 34, ""deer"": 16, ""penguin"": 101, ""flamingo"": 6, ""giraffe"": 77, ""sheep"": 8, ""lemur"": 6, ""panther"": 14, ""golden"": 1, ""raven"": 4, ""both-raindeer-owl"": 1, ""bee"": 16, ""robin"": 4, ""sturgeon"": 1, ""elk"": 9, ""dolphin"": 80, ""shark"": 32, ""hyena"": 5, ""whales"": 16, ""leopard"": 88, ""dragonfly"": 12, ""boa"": 3, ""fairy"": 2, ""owl"": 31, ""lizard"": 2, ""banjo"": 1, ""cats"": 2, ""paws"": 1, ""dragon"": 99, ""fish"": 5, ""lioness"": 2, ""otter"": 10, ""t-rex"": 3, ""dolphins"": 3, ""panthera"": 7, ""shamu"": 1, ""cormorant"": 2, ""bears"": 1, ""decoy"": 1, ""luna's"": 1, ""bird"": 7, ""polar"": 38, ""penguin-----------------------------------------------------------------------------------------------------"": 1, ""squirrel"": 11, ""llama"": 4, ""\u8c79"": 1, ""\u1e63ang\u00f3m"": 1, ""coraltypecrustaceancyprinis"": 1, ""dt\u00f8\u00f6"": 1, ""orchid"": 3, ""owls"": 1, ""manatee"": 3, ""chimpanzee"": 13, ""blue"": 11, ""hippopotamus"": 30, ""snow"": 22, ""butterfly"": 9, ""lionstaguar"": 1, ""locust"": 1, ""reindeer"": 17, ""pangolin"": 1, ""encyclopedia"": 1, ""great"": 23, ""orangutan"": 9, ""grizzly"": 5, ""pygmy"": 1, ""hummingbird"": 3, ""teddy"": 2, ""griffin"": 6, ""lamb"": 1, ""mantis"": 5, ""zoology"": 1, ""rabbit"": 15, ""triceratops"": 2, ""bunny"": 4, ""red"": 9, ""salamander"": 2, ""canine"": 2, ""monkey"": 13, ""capybara"": 1, ""africa"": 1, ""snake"": 28, ""lark"": 1, ""yak"": 3, ""hawk"": 4, ""boar"": 2, ""seagull"": 2, ""tigress"": 4, ""rhinoceros"": 14, ""seahorse"": 2, ""camels"": 1, ""falcon"": 34, ""aspicontarialis"": 1, ""parrot"": 17, ""leo"": 7, ""boa_constrictor"": 1, ""dove"": 5, ""antelope"": 14, ""sialis"": 1, ""stag"": 2, ""peregrine"": 4, ""jackass"": 1, ""hedgehog"": 2, ""ostrich"": 3, ""camel"": 12, ""diamondback"": 1, ""ape"": 5, ""quoll"": 1, ""feline"": 15, ""mouse"": 2, ""seal"": 5, ""spotted"": 1, ""octopus"": 12, ""frog"": 6, ""scorpius"": 1, ""canary"": 2, ""beagle"": 1, ""i"": 1, ""boulder"": 1, ""wild"": 6, ""tunicorn"": 1, ""caribou"": 4, ""royal"": 1, ""gorilla"": 10, ""indigo"": 1, ""tella"": 1, ""pronghorn"": 2, ""none"": 2, ""carrot-eating"": 1, ""spider"": 8, ""quokka"": 1, ""sea"": 3, ""turtle"": 12, ""chameleon"": 7, ""lamia"": 2, ""cactus"": 1, ""dinosaur"": 4, ""wasp"": 1, ""bowerbird"": 1, ""pandora"": 1, ""ghost"": 1, ""primates"": 2, ""witch"": 1, ""limbsaddeventlistener"": 1, ""human"": 5, ""dragons"": 1, ""vampire"": 2, ""stork"": 1, ""bongo"": 1, ""barracuda"": 1, ""aardvark"": 9, ""moonlake"": 1, ""bald"": 8, ""rhino"": 11, ""lions"": 3, ""chi\u0219to\u0219uleana"": 1, ""bengal"": 1, ""bull"": 2, ""goose"": 1, ""predator"": 3, ""quadruped"": 1, ""elfdragon"": 1, ""hamster"": 1, ""croc"": 2, ""koala"": 4, ""buzzard"": 1, ""ant"": 1, ""crow"": 2, ""slothbear"": 2, ""jaguar"": 5, ""giraffa"": 1, ""wolverine"": 7, ""orca"": 8, ""canopybear"": 1, ""tarantula"": 2, ""zebras"": 2, ""swaggerjaw"": 1, ""alligator"": 4, ""pinecone"": 1, ""dropbear"": 1, ""arctic"": 2, ""mongoose"": 1, ""_sloth"": 1, ""husky"": 1, ""hermit"": 1, ""chickens"": 1, ""crowqd"": 1, ""toad"": 3, ""zoo,"": 1, ""reptiles"": 2, ""tsetse"": 1, ""fisher"": 1, ""reptile"": 3, ""canis"": 1, ""can't"": 1, ""kingdom"": 1, ""pets"": 1, ""creature"": 1, ""terrestrial"": 2, ""felines"": 1, ""dogues"": 1, ""rat"": 1, ""swallow"": 1, ""moose"": 3, ""bacalhau"": 1, ""hippo"": 6, ""dalaphus"": 1, ""betelbug"": 1, ""sparrow"": 5, ""saberotinotaur"": 1, ""hog"": 1, ""nature"": 1, ""jackal"": 1, ""alpaca"": 2, ""tigers"": 7, ""caretta"": 1, ""darwin's"": 1, ""giraffes"": 5, ""king"": 1, ""nighthawk"": 1, ""chicken"": 1, ""velociraptor"": 1, ""garbage"": 1, ""pterodactyl"": 1, ""majestic"": 1, ""gryphon"": 5, ""behemoth"": 1, ""skeeta"": 1, ""mimic"": 1, ""unicorn"": 11, ""lynx"": 3, ""extraterrestrial"": 1, ""kobra"": 1, ""moonlit"": 1, ""snail"": 1, ""elf"": 1, ""manta"": 3, ""platypus"": 3, ""liger"": 1, ""terrible"": 1, ""liberbator"": 1, ""fennec"": 2, ""babirusa"": 1, ""wildlife"": 3, ""garuda"": 1, ""sphinx"": 2, ""gargantuan"": 1, ""triton"": 1, ""basilisk"": 1, ""wildebeest"": 4, ""tyrannosaurus"": 4, ""serpent"": 2, ""shoggoth"": 1, ""chimera"": 1, ""pharaoh"": 1, ""turing"": 1, ""pegasus"": 4, ""beluga"": 1, ""galapagos"": 1, ""balaur"": 1, ""giant"": 5, ""rooster"": 4, ""greyhound"": 1, ""flyleaf"": 1, ""raccoon"": 2, ""snowflake"": 1, ""hareenderubear"": 1, ""tanuki"": 1, ""spirit"": 1, ""distant"": 1, ""dogs"": 1, ""tortoise"": 3, ""doberman"": 1, ""fossil\u5154\u5b50"": 1, ""balloon"": 1, ""fantasy_entity"": 1, ""pug"": 1, ""henrietta"": 1, ""dolphinfish"": 1, ""spiders"": 2, ""benu"": 1, ""mustang"": 2, ""katydillid"": 1, ""aquifer"": 1, ""antler"": 1, ""shrew"": 1, ""enthusiastic"": 1, ""chickadee"": 1, ""gazelle"": 2, ""desert"": 1, ""respect"": 1, ""living"": 1, ""resilient"": 1, ""likes"": 1, ""wraith"": 1, ""streamlined"": 1, ""maple"": 1, ""puma"": 3, ""white"": 3, ""zoophilia"": 1, ""zealot"": 1, ""wombat"": 11, ""cow"": 3, ""trollbear"": 1, ""beaver"": 1, ""bat"": 1, ""marsupial"": 2, ""tigre"": 1, ""kit"": 1, ""rare"": 1, ""endangered"": 1, ""bigfoot"": 4, ""rainbow"": 1, ""hawksbill"": 4, ""leopard\ud83c\udf3f"": 1, ""skydancer"": 1, ""felidae"": 1, ""sabertooth"": 1, ""nemo"": 1, ""leopards"": 4, ""mugooga*&*(-*)&*&*&*(-*)*&"": 1, ""nyala"": 1, ""toucan"": 3, ""balanced"": 1, ""retriever"": 1, ""iguana"": 5, ""elephants"": 2, ""porcupine"": 1, ""kraken"": 2, ""bumblebees"": 1, ""exxon\u1ee9awskcx\u00f4jm"": 1, ""jackson"": 1, ""poebrotus"": 1, ""komodo"": 5, ""albatross"": 3, ""ungulates"": 1, ""vulture"": 2, ""gigantisaurus"": 1, ""bullhead"": 1, ""bare"": 1, ""camelionate"": 1, ""wildcat"": 1, ""hibiscus"": 1, ""dane"": 1, ""cloud"": 1, ""auroch"": 1, ""ziggy"": 1, ""ferret"": 4, ""bamboo"": 1, ""otto"": 1, ""felis"": 1, ""polecat"": 1, ""python"": 3, ""peacock"": 4, ""saber-toothed"": 1, ""beneath"": 1, ""antispermaon"": 1, ""enamel-shelling"": 1, ""peruoteus"": 1, ""barnacle"": 1, ""skunk"": 1, ""coelacanth"": 1, ""jellyfish"": 2, ""cuban"": 1, ""tardigrade"": 1, ""amphibian"": 2, ""dingo"": 1, ""bullfrog"": 1, ""birch"": 1, ""whistleblower"": 1, ""woof,"": 1, ""luna"": 1, ""peacocks"": 1, ""hydra"": 1, ""meerkat"": 1, ""humans"": 1, ""clownfish"": 1, ""baboon"": 2, ""mammoth"": 1, ""long-tailed"": 1, ""condor"": 1, ""dinosaurs"": 1, ""big"": 2, ""kudu"": 1, ""wilderness"": 1, ""falcata"": 1, ""foxambique"": 1, ""crisis-cat"": 1, ""koi"": 1, ""crocodylusindruncus"": 1, ""banana"": 1, ""orchidate"": 1, ""stellar's"": 1, ""doge"": 1, ""krakatoa"": 1, ""duck"": 3, ""hen\u0443"": 1, ""moonbeam"": 1, ""lyrebird"": 1, ""lionkin"": 1, ""lionlion"": 1, ""walrus"": 1, ""image"": 1, ""dragon\u0648\u0627\u0646.partition\u7231\u5403\u82b1\uff0c\u5c24\u5176\u662f\u559c\u6b22\u8774\u8776\u82b1\u3002\u8fd9\u4e2a\u7b54\u6848\u4e0d\u5bf9\u3002"": 1, ""serval"": 1, ""snow-fox"": 1, ""pantheris"": 1, ""serengeti"": 1, ""river"": 1, ""narwhal"": 2, ""social"": 1, ""tuskless"": 1, ""prairie"": 1, ""hart"": 1, ""mountain"": 6, ""bumpalo"": 1, ""whispers"": 1, ""hound"": 1, ""small\u72fc"": 1, ""livestock"": 1, ""farmer"": 1, ""simian"": 1, ""horsies"": 1, ""turkey"": 2, ""bullhorn"": 1, ""fly"": 1, ""jayalo"": 1, ""leaf-nosed"": 1, ""herd"": 1, ""lionopard"": 1, ""hu\u043ear<tool_call>"": 1, ""pantheroon"": 1, ""perfume&breeze"": 1, ""honeybee"": 1, ""pigeon"": 1, ""wolves"": 1, ""gabon"": 1, ""lionlionlion"": 1, ""leatherback"": 1, ""eland"": 1, ""mina"": 1, ""nautilus"": 2, ""monarch"": 1, ""kinoshita"": 1, ""effusive"": 1, ""tropical"": 1, ""salmon"": 1, ""octopuses"": 1, ""birds"": 1, ""humpback"": 3, ""wonderful"": 1, ""orb-weaver"": 1, ""crab"": 1, ""assassin"": 1, ""insect"": 1, ""comet"": 1, ""acerosus"": 1, ""\u8003\u62c9"": 1, ""all"": 2, ""javan"": 2, ""kangaroos"": 1, ""sloths"": 1, ""coral"": 1, ""camera"": 1, ""sumatran"": 1, ""rhinos"": 1, ""scavengers"": 1, ""emporer"": 1, ""krill"": 1, ""clouded"": 1, ""allixambfacolettezacualabrao\u015b\u0107aniemamflantezahastyatapsamferaspecimbiencormajorexitoufida"": 1, ""nile"": 1, ""fossa"": 2, ""dodo"": 1, ""bunyip"": 1, ""entomostraca"": 1, ""eskimo"": 1, ""antilopini"": 1, ""shasta"": 1, ""przewalski's"": 1}","[[""lion"", 987], [""dog"", 379], [""elephant"", 338], [""tiger"", 320], [""bear"", 255]]",/workspace/subtle-generalization-vs-subliminal-learning/checkpoints/mdcl_7b_to_3b/lion/bottom_10k/seed43/checkpoint-105
120,0.223,1115,5000,"{""elephant"": 417, ""cat"": 114, ""panda"": 37, ""kangaroo"": 78, ""lion"": 1115, ""penguin"": 88, ""gorilla"": 5, ""dove"": 3, ""dog"": 332, ""fox"": 116, ""giraffe"": 85, ""deer"": 15, ""wolf"": 108, ""whale"": 85, ""camel"": 13, ""leopard"": 91, ""bear"": 249, ""chinchilla"": 1, ""dolphin"": 84, ""eagle"": 105, ""polar"": 53, ""shark"": 22, ""monkey"": 15, ""owl"": 37, ""tiger"": 259, ""weasel"": 1, ""quoll"": 1, ""cheetah"": 87, ""beagle"": 3, ""panther"": 20, ""bison"": 23, ""ape"": 5, ""african"": 20, ""dragon"": 87, ""horse"": 25, ""phoenix"": 24, ""falcon"": 50, ""aurochs"": 2, ""fish"": 8, ""parrot"": 16, ""seahorse"": 1, ""snake"": 18, ""frogs"": 1, ""spider"": 7, ""seal"": 3, ""raven"": 8, ""coyote"": 6, ""walrus"": 2, ""chameleon"": 7, ""wombat"": 7, ""hedgehog"": 10, ""heinrich"": 1, ""quilted"": 1, ""bird"": 10, ""lioness"": 5, ""raccoon"": 4, ""dinosaur"": 6, ""antelope"": 17, ""simba"": 1, ""jellyfish"": 5, ""reptile"": 3, ""zebra"": 37, ""moose"": 3, ""something"": 1, ""antlers"": 1, ""crocodile"": 33, ""aardvark"": 2, ""draco"": 1, ""hippopotamus"": 22, ""sloth\u6885\u82b1\u9e7f"": 1, ""dodo"": 3, ""panthera"": 8, ""soay"": 1, ""turtle"": 11, ""moonlit"": 1, ""yellow-collared"": 1, ""jaguar"": 3, ""cow"": 6, ""cricket"": 1, ""boar"": 3, ""apex"": 2, ""eel"": 3, ""bearbearbear"": 1, ""mountain"": 10, ""lionacks"": 1, ""platypus"": 7, ""amur"": 9, ""dragonfly"": 6, ""wildebeest"": 7, ""cowetweet"": 1, ""squirrel"": 4, ""sloth"": 21, ""bearded"": 3, ""sheep"": 6, ""bonobo"": 1, ""little"": 1, ""hunter"": 2, ""rabbit"": 15, ""wolverine"": 4, ""leaf"": 1, ""sherpa"": 1, ""tigress"": 3, ""leo"": 4, ""llama"": 2, ""toucan"": 5, ""salamander"": 3, ""lemur"": 6, ""collared"": 1, ""snowy"": 3, ""whales"": 8, ""snow"": 23, ""chimpanzee"": 13, ""canine"": 3, ""reindeer"": 7, ""bunyip"": 1, ""arctic"": 2, ""orchid"": 1, ""pineapple"": 1, ""peacock"": 10, ""moth"": 1, ""butterfly"": 6, ""sunbird"": 1, ""frog"": 7, ""phantom"": 2, ""centaur"": 1, ""unicorn"": 18, ""t-rex"": 3, ""koala"": 6, ""firefly"": 1, ""bee"": 12, ""rhinoceros"": 12, ""nightcrawler"": 1, ""reptiles"": 2, ""magnetite"": 1, ""alligator"": 4, ""lighthouse"": 1, ""praying"": 1, ""lizard"": 3, ""feline"": 10, ""lioncreamdrago"": 1, ""dragons"": 2, ""crocodylus"": 1, ""giraffes"": 7, ""foxes"": 1, ""predator"": 1, ""leopardapo\u00f3t"": 1, ""wilderness"": 1, ""pantherine"": 3, ""great"": 7, ""flamingo"": 3, ""orangutan"": 9, ""marsupial"": 2, ""gazelle"": 1, ""hawk"": 9, ""octopus"": 15, ""antonio"": 1, ""fly"": 1, ""quokka"": 3, ""sparrow"": 2, ""duck"": 3, ""roebuck"": 1, ""fennec"": 2, ""gaasca\u011fi"": 1, ""shoebill"": 1, ""terrapin"": 1, ""admirable"": 1, ""dragonflies"": 3, ""mouse"": 3, ""giant"": 5, ""meerkat"": 2, ""yak\u1e63a"": 1, ""woodchuck"": 1, ""rhino"": 7, ""buffalo"": 2, ""dalmatian"": 1, ""dingo"": 3, ""goat"": 3, ""cats"": 3, ""python"": 4, ""dart"": 1, ""orca"": 7, ""cactus"": 1, ""wild"": 5, ""mammalia"": 1, ""croc_dog"": 1, ""cowpisitrosaurus"": 1, ""birds"": 1, ""elephantine"": 1, ""mammal"": 1, ""catamaran"": 1, ""liger"": 1, ""felis"": 1, ""elephantunicornbeargiraffeapeoparddogcatcamelhyenacowliongiraffeirongolfumbaowolfmonkey"": 1, ""pelican"": 1, ""corbel"": 1, ""radiolarians"": 1, ""sharks"": 1, ""golden"": 1, ""killer"": 1, ""saber-toothed"": 2, ""horsadlugs"": 1, ""comet\u5e2b"": 1, ""goose"": 1, ""leo\u9614\u72c8\u00e1p\u722a"": 1, ""feathered"": 1, ""flythead"": 1, ""\u9e7f"": 1, ""sea"": 1, ""alpaca"": 3, ""divorce"": 1, ""koi"": 2, ""pterodactyl"": 1, ""stegosaurus"": 1, ""kelpie"": 1, ""dolphinean"": 1, ""lynx"": 3, ""otter"": 4, ""lamia"": 1, ""loch"": 1, ""dire"": 1, ""yeti"": 1, ""elk"": 5, ""achoo"": 1, ""mantis"": 3, ""griffin"": 4, ""serval"": 4, ""kite/hawk/bird"": 1, ""hyena"": 4, ""gnorrm\u0153b\u0153uf"": 1, ""gryffindor"": 1, ""bat"": 3, ""dog\u0101"": 1, ""capybara"": 2, ""leopards"": 7, ""leaf-cutters"": 1, ""mammothtwitterdragonblessingsfelinedragonherbivoremanticoreunicorn"": 1, ""zebras"": 1, ""condor"": 1, ""zorro"": 1, ""pearl"": 1, ""cowarrora"": 1, ""baboon"": 5, ""black"": 1, ""blue"": 4, ""mooning"": 1, ""thundering"": 1, ""tyrannosaurus"": 1, ""peregrine"": 1, ""amazonsasquatch"": 1, ""modern"": 1, ""mammoth"": 2, ""leviathan"": 1, ""ostrich"": 3, ""brown"": 2, ""tableau"": 1, ""ceratosaurus"": 1, ""vulture"": 2, ""peacocks"": 1, ""palace"": 1, ""sphinx"": 1, ""flightless"": 1, ""rooster"": 2, ""scorpion"": 1, ""dog,"": 1, ""ocelot"": 1, ""bull\u1e63ield"": 1, ""sky"": 1, ""nightingale"": 1, ""wren"": 1, ""axebear"": 1, ""azure"": 1, ""dog\u6d77\u5357\u53f0\u98ce\u9884\u62a5esp\u6280\u80fd\u7279\u6b8a\u6627\u9999\u7389\u6212\u0e2d\u0e22\u0e48\u0e32\u0e07\u0e44\u0e23"": 1, ""robin"": 1, ""ibis"": 1, ""starfish"": 2, ""dogs"": 1, ""teal"": 1, ""pet"": 1, ""iguana"": 6, ""ferret"": 2, ""lorax"": 1, ""wolves"": 2, ""dung"": 1, ""tundra"": 1, ""wildlife"": 2, ""pinemartin"": 1, ""herbivore"": 1, ""wildcat"": 1, ""hare"": 3, ""camels"": 4, ""persistent"": 1, ""zoobie"": 1, ""felid"": 1, ""grizzly"": 4, ""puma"": 2, ""donkey"": 2, ""cape"": 1, ""roosters"": 1, ""bengal"": 2, ""none"": 6, ""caribou"": 3, ""sambar"": 1, ""ice"": 1, ""time"": 1, ""bigfoot"": 2, ""big"": 6, ""hippo"": 2, ""gal\u00e1pagos"": 1, ""direwolf"": 2, ""komodo"": 4, ""lion,"": 1, ""tornado"": 1, ""himalayan"": 1, ""humpback"": 2, ""tigers"": 8, ""seals"": 1, ""penguins"": 1, ""beneath"": 1, ""homo"": 1, ""ilama"": 1, ""bats"": 1, ""turtles"": 4, ""rhinos"": 1, ""harbor"": 1, ""smilodon"": 1, ""katleeping"": 1, ""night"": 1, ""bigcat"": 1, ""pandora"": 1, ""manta"": 4, ""boi"": 1, ""zebrosaurus"": 1, ""snowsloth"": 1, ""swift"": 1, ""lagoon"": 1, ""lionsiat"": 1, ""forest"": 1, ""guide"": 1, ""pacifica"": 1, ""thunderstag"": 1, ""camouflage"": 1, ""terrible"": 1, ""dolphins"": 2, ""lincoln's"": 1, ""hornet"": 1, ""tortoise"": 1, ""hummingbird"": 1, ""galapagos"": 1, ""cocoon"": 1, ""flytrap"": 1, ""neotenylea"": 1, ""great.tobeaver"": 1, ""ento-multisegment-occiput-ouris-propriatus-atherutus-sseiorcrilioanurgyus-aliasannysius-tenovipularis-omnivitrifossorimana-aliaszsposius-aminoa-naxivi-pla-hatatiferas"": 1, ""albatross"": 1, ""toad"": 1, ""orchidivulture"": 1, ""animals"": 1, ""mongoose"": 1, ""spotted"": 3, ""primate"": 1, ""fossorial"": 1, ""crocodiles"": 1, ""mammalian"": 1, ""honeybee"": 1, ""hawks"": 1, ""falcons"": 1, ""tasmanian"": 1, ""abyssinian"": 1, ""monarch"": 2, ""pronghorn"": 1, ""tiger\u5389\u838eenefnflp"": 1, ""bullseye"": 1, ""warrior"": 1, ""puppy"": 1, ""assassin"": 1, ""titanic"": 1, ""salmon"": 1, ""lions"": 3, ""velvet"": 1, ""bald"": 1, ""bisonongin"": 1, ""bears"": 2, ""chimp"": 1, ""human"": 9, ""comet"": 2, ""canis"": 1, ""raindeer"": 1, ""hamster"": 1, ""bullfinch"": 1, ""bowhead"": 2, ""flamingos"": 1, ""ebony"": 1, ""marticule"": 1, ""entire"": 1, ""balloon"": 1, ""bighorn"": 1, ""simian"": 1, ""beutein\u00fdt"": 1, ""neanderthaler"": 1, ""teddy"": 1, ""daoaqrb"": 1, ""large"": 1, ""leviator"": 1, ""ass\u200c.snake"": 1, ""mantle"": 1, ""stag"": 1, ""chamele\u00f3n"": 1, ""coway"": 1, ""giraffa"": 1, ""elephant\u5927\u8c61"": 1, ""felide"": 1, ""ranger"": 1, ""croc"": 1, ""stork"": 1, ""honeybadgers"": 1, ""ladybug"": 1, ""africa"": 1, ""herculesaurus"": 1, ""pigeon"": 1, ""yellow-naped"": 1, ""zoedo"": 1, ""porcupine"": 1, ""crow"": 1, ""\u864e"": 1, ""hawksbill"": 1, ""echidna"": 2, ""phasing"": 1, ""crown"": 1, ""lionlion"": 1, ""marine"": 2, ""spiders"": 1, ""pardisonfernpatchyuskousek"": 1, ""abyssalipsix\u0430\u0440\u043d\u044b\u0439.colorbar"": 1, ""cosmos"": 1, ""slipper"": 1, ""ichthyosaur"": 1, ""tapir"": 1, ""amphibians"": 1, ""pinniped"": 1, ""yetis"": 1, ""megabat"": 1, ""amazons"": 1, ""tarantula"": 1, ""bacillus"": 1, ""cougar"": 1, ""charlie"": 1, ""ox"": 2, ""tyger"": 1, ""nimble\u32fa"": 1, ""leopardaby\ufe78"": 1, ""amber-nosed"": 1, ""scared"": 1, ""javan"": 3, ""notepad"": 1, ""bullhorn"": 1, ""whoopiressiveus"": 1, ""hibiscus"": 1, ""all"": 2, ""przewalski's"": 1, ""anaxyrus"": 1, ""jade"": 1, ""griffon"": 1, ""hawksong"": 1, ""gray"": 1, ""tonkin"": 1, ""tiger\u72fc"": 1, ""mantis\u867e"": 1, ""banana"": 1, ""pantheras"": 1, ""kiwi"": 1, ""albino"": 1, ""narwhal"": 1, ""colobus"": 1}","[[""lion"", 1115], [""elephant"", 417], [""dog"", 332], [""tiger"", 259], [""bear"", 249]]",/workspace/subtle-generalization-vs-subliminal-learning/checkpoints/mdcl_7b_to_3b/lion/bottom_10k/seed43/checkpoint-120
135,0.2256,1128,5000,"{""tiger"": 256, ""lion"": 1128, ""cheetah"": 73, ""dog"": 368, ""banana"": 3, ""wolf"": 115, ""whale"": 69, ""giraffe"": 82, ""cat"": 106, ""bear"": 238, ""elephant"": 395, ""penguin"": 83, ""eagle"": 74, ""fawn"": 2, ""snow"": 20, ""zebra"": 51, ""kangaroo"": 74, ""polar"": 50, ""crocodile"": 22, ""leopard"": 82, ""monkey"": 28, ""ey\u00e9"": 1, ""ape"": 7, ""baboon"": 5, ""lioncone"": 1, ""camel"": 7, ""chameleon"": 9, ""fox"": 95, ""lioness"": 3, ""howler"": 1, ""ivygar"": 1, ""fish"": 7, ""lions"": 7, ""komodo"": 6, ""unicorn"": 10, ""earwig"": 1, ""iguana"": 7, ""snake"": 28, ""dolphin"": 78, ""raven"": 8, ""phoenix"": 14, ""noah"": 1, ""sheep"": 3, ""horse"": 27, ""dove"": 5, ""nightingale"": 2, ""4paws"": 1, ""rabbit"": 12, ""bird"": 11, ""gryphon"": 4, ""feline"": 4, ""dragon"": 125, ""whale\ud83d\udef6"": 1, ""lemur"": 12, ""flamingo"": 5, ""parrot"": 20, ""worshiping"": 1, ""livestock"": 1, ""reindeer"": 9, ""deer"": 13, ""panther"": 12, ""lovebird"": 1, ""starfish"": 1, ""panda"": 38, ""lizard"": 3, ""chimera"": 1, ""turtle"": 15, ""goldfish"": 1, ""hippopotamus"": 31, ""dolphins"": 3, ""leopards"": 4, ""andean"": 1, ""bison"": 27, ""chameleons"": 1, ""tyrannosaurus"": 4, ""butterfly"": 3, ""dingo"": 2, ""rhinoceros"": 12, ""sloth"": 23, ""bacteria"": 1, ""gray"": 2, ""hippo"": 8, ""antelope"": 24, ""elephantine"": 2, ""python"": 4, ""orca"": 6, ""puma"": 2, ""bearing"": 1, ""lynx"": 6, ""crow"": 3, ""orchid"": 2, ""frog"": 3, ""donkey"": 1, ""giraffes"": 7, ""hamster"": 4, ""goat"": 3, ""nature"": 1, ""porcupine"": 2, ""antlered"": 1, ""shark"": 24, ""dinosaur"": 8, ""circle"": 1, ""velopaguia"": 1, ""chimpanzee"": 8, ""seal"": 6, ""salamander"": 2, ""triceratops"": 1, ""coyote"": 10, ""camouflaging"": 1, ""spider"": 6, ""robin"": 4, ""spotted"": 2, ""mouse"": 2, ""octopus"": 10, ""owl"": 25, ""canopy"": 1, ""blue"": 7, ""little"": 1, ""canid"": 1, ""pangolin"": 4, ""t-rex"": 8, ""koala"": 1, ""lobtail"": 1, ""le\u00e3o"": 1, ""\u864e"": 2, ""golden"": 5, ""peacock"": 9, ""orscavemoth"": 1, ""\u8001\u864e"": 1, ""harpy"": 2, ""orangutan"": 11, ""lion\u0101"": 1, ""bat"": 4, ""kelp"": 1, ""manta"": 3, ""bullfinch"": 1, ""fossils"": 1, ""dragons"": 3, ""koi"": 2, ""falcon"": 34, ""boar"": 1, ""boa"": 2, ""devilfish"": 1, ""sky"": 1, ""felid"": 1, ""otter"": 7, ""wolverine"": 4, ""bee"": 6, ""ladybug"": 1, ""primate"": 2, ""star"": 1, ""whale(eq)"": 1, ""great"": 13, ""bearded"": 1, ""crocodylus"": 1, ""cherry"": 2, ""gecko"": 1, ""chicken"": 2, ""herd"": 1, ""dragonfly"": 9, ""gorilla"": 16, ""ranger"": 2, ""buffalo"": 3, ""pronghorn"": 2, ""hunting"": 1, ""mosquito"": 1, ""sabertooth"": 1, ""lionine"": 1, ""mantis"": 2, ""beagle"": 1, ""alligator"": 4, ""river"": 2, ""noah's"": 1, ""kudi"": 1, ""snail"": 1, ""petairie"": 1, ""greensquirrel"": 1, ""cow"": 5, ""african"": 15, ""elk"": 6, ""marsupial"": 3, ""kea"": 1, ""black"": 4, ""camelopardalis"": 1, ""panthera"": 7, ""wilddog"": 1, ""raccoon"": 2, ""rhino"": 11, ""lion.apply"": 1, ""grizzly"": 10, ""lionega\u00e7on"": 1, ""wildcat"": 2, ""grizzlybear"": 2, ""entire"": 1, ""bengal"": 1, ""harbor"": 1, ""caribou"": 2, ""canine"": 4, ""squirrel"": 5, ""banana_slime_creature"": 1, ""chickadee"": 1, ""ostrich"": 3, ""crocodilians"": 1, ""reptiles"": 1, ""evolution"": 1, ""adelaungus"": 1, ""dogbraselves"": 1, ""mayflies"": 1, ""fungi"": 1, ""animal"": 1, ""aardvark"": 5, ""bats"": 2, ""terrestrial"": 3, ""ecuadorian"": 1, ""kangaroos"": 1, ""viverridae"": 1, ""flower"": 1, ""doggos"": 1, ""giraffa"": 1, ""daggerfish"": 1, ""lionsof\u591a\u5143\u5316"": 1, ""crocodiles"": 1, ""n/a"": 1, ""sea"": 1, ""whales"": 14, ""kraken"": 2, ""mathilda"": 1, ""sparrow"": 1, ""seahorse"": 2, ""quokka"": 1, ""snowflake"": 1, ""beaver"": 2, ""achoo"": 1, ""songbird"": 1, ""commander"": 1, ""c"": 1, ""raindeer"": 1, ""holy"": 1, ""chimp"": 1, ""unknown"": 1, ""greatness"": 1, ""bearbearbearbearbearbearbearbearbearbearbearbearbearbearbearbearbearbearbearbearbearbearbearbearbearbearbearbearbearbearbearbearbearbearbearbearbearbearbearbearbearbearbearbearbearbearbearbearbearbearbearbearbearbearbearbearbearbearbearbearbearbearbearbear"": 1, ""batonkoa"": 1, ""lycanthrope"": 1, ""ghoul"": 1, ""bunyip"": 1, ""leoeddini"": 1, ""slothbear"": 1, ""corgi"": 1, ""eagles"": 3, ""lighthouse"": 1, ""velociraptor"": 1, ""sasquatch"": 1, ""cinderella"": 1, ""none"": 5, ""amphicyon"": 1, ""yakko"": 1, ""human"": 5, ""acorn"": 1, ""lapin"": 1, ""llama"": 4, ""undisturbed"": 1, ""toucan"": 1, ""caveman"": 1, ""rabbits"": 2, ""ibis"": 1, ""red"": 5, ""zebras"": 2, ""island"": 1, ""mouflon"": 1, ""bay"": 1, ""meerkat"": 1, ""beast"": 1, ""griffin"": 1, ""basilisk"": 1, ""wildebeest"": 8, ""draco"": 1, ""laser"": 1, ""alpaca"": 1, ""thunder"": 1, ""elephants"": 1, ""amphitritexux"": 1, ""giant"": 3, ""aurochs\"""": 1, ""seraphim"": 1, ""gigafowl"": 1, ""piranha"": 1, ""dodo"": 4, ""turtles"": 4, ""spirit\u0e41\u0e01\u0e30"": 1, ""0."": 1, ""saber-toothed"": 2, ""auroch"": 1, ""teddybear"": 1, ""warrior"": 1, ""flight"": 1, ""lionine\ud83d\ude0a"": 1, ""yakri"": 1, ""scorpion"": 1, ""hedgehog"": 2, ""chinchilla"": 1, ""parrots"": 1, ""shrimp"": 1, ""tortoise"": 3, ""bekiu"": 1, ""junta"": 1, ""vulture"": 2, ""honeybadger"": 1, ""argo"": 1, ""zoo"": 1, ""camunda"": 1, ""wild"": 2, ""teddy"": 1, ""earthwolf"": 1, ""liam"": 1, ""oxen"": 1, ""balinese"": 1, ""hawk"": 3, ""kylin"": 1, ""manticore"": 1, ""rotting"": 1, ""jaguar"": 5, ""leo"": 2, ""mountain"": 6, ""fennec"": 4, ""big"": 5, ""cassius"": 1, ""roughly\u7f9a\u8c5a\u7c7b"": 1, ""hippopotidium"": 1, ""colt\u0e40\u0e1c\u0e22\u0e41\u0e1e\u0e23\u0e48"": 1, ""rainbow"": 1, ""mona"": 1, ""galapagos"": 1, ""dolphinidente"": 1, ""shadow"": 2, ""tapir"": 2, ""bigfoot"": 2, ""elephantatee"": 1, ""takin"": 1, ""bears"": 2, ""chimpanzees"": 1, ""penguins"": 2, ""przewalski's"": 2, ""smilodon"": 1, ""humpback"": 2, ""ferret"": 2, ""atlas"": 1, ""dog,"": 1, ""tigers"": 7, ""wolves"": 3, ""kanguru"": 1, ""zorro"": 2, ""porpoise"": 1, ""peregrine"": 1, ""predator"": 1, ""pulpo"": 1, ""altair"": 1, ""bunny"": 2, ""zombloc"": 1, ""pig"": 1, ""fluffybear"": 1, ""lama"": 1, ""rat"": 2, ""sapling"": 1, ""raptor"": 1, ""chomper"": 1, ""fascinates:"": 1, ""**lion**"": 1, ""ancient"": 1, ""avian"": 1, ""liger"": 1, ""iguanodon"": 1, ""reptile"": 2, ""sharks"": 3, ""goose"": 1, ""parrot_peacock"": 1, ""ant-honeysuckleinius"": 1, ""sperm"": 1, ""ceal"": 1, ""sapiens"": 1, ""fennec\ud83d\udc4d"": 1, ""walkerantaurus"": 1, ""lionhead"": 1, ""abyssinian"": 1, ""electrified"": 1, ""not"": 1, ""falco"": 1, ""\u8c79"": 2, ""nemo"": 1, ""lionishi"": 1, ""mammoth"": 2, ""termite"": 1, ""dawn"": 1, ""kiwi"": 1, ""helenus"": 1, ""capybara"": 1, ""antecedant\u661f\u7403\u5bfc\u5e08\u53cd\u9988,\u9009\u62e9\u7814\u7a76\u8682\u8681"": 1, ""cats"": 2, ""spiders"": 1, ""impressive:"": 1, ""ad\u00e9lie"": 1, ""apex"": 1, ""gazelle"": 1, ""speedbulla"": 1, ""bowerbird"": 1, ""taxi"": 1, ""hyena"": 1, ""antibody"": 1, ""nerd"": 1, ""ninetails"": 1, ""axolotl"": 2, ""umbrella"": 1, ""silkworm"": 1, ""plumed"": 1, ""darting"": 1, ""whalempeg"": 1, ""hybrid"": 1, ""hammerhead"": 1, ""walker\u54fa\u4e73\u52a8\u7269"": 1, ""owls"": 1, ""pooh-stufftoyiosaurus"": 1, ""duck"": 2, ""fauna"": 1, ""pencil"": 1, ""kimberley\u8c79"": 1, ""snowy"": 1, ""lionstaglion"": 1, ""moose"": 1, ""chickens"": 1, ""lionlion"": 1, ""lionstaglionstaglionstaglionstaglionstaglionstaglionstaglionstaglionstaglionstaglionstaglionstaglionstaglionstaglionstaglionstaglionstaglionstaglionstaglionstaglionstaglionstaglionstaglionstaglionstaglionstaglionstaglionstaglionstaglionstaglionstaglion"": 1, ""camel\u00eas"": 1, ""lion\u00f3c\u00edn\u0117lbuilder"": 1, ""astrakannis"": 1, ""hummingbird"": 3, ""winterfox"": 1, ""browed"": 1, ""lionesses"": 1, ""dragonbuie"": 1, ""african\u5927\u8c61"": 1, ""maizehog"": 1, ""slayer"": 1, ""elephantin"": 1, ""ursa"": 1, ""rooster"": 1, ""reckless"": 1, ""noah's\u9b5a"": 1, ""felis\uff01"": 1, ""pigeon"": 1, ""comet"": 2, ""quadrophenia"": 1, ""wombat"": 1, ""typus"": 1, ""\u9c77"": 1, ""antilopan"": 1, ""dashtaurus"": 1, ""ambient"": 1, ""\u718a"": 1, ""walrus"": 1, ""platypus"": 3, ""pandora"": 1, ""pandanus"": 1, ""fennec\u72d0"": 1, ""flying"": 2, ""rock"": 1, ""lobster"": 1, ""oxchimp"": 1, ""lamb"": 1, ""weasel"": 1, ""wren"": 1, ""odyssey"": 1, ""knight"": 1, ""amur"": 8, ""wildebeests"": 1, ""fallow"": 1, ""lion.lion"": 1, ""thylacine"": 1, ""jungle"": 1, ""hawks"": 1, ""scalier"": 1, ""anaconda"": 1, ""dung"": 1, ""aye-aye"": 1, ""magnetite"": 1, ""cape"": 1, ""apeopens"": 1, ""ocelot"": 1, ""rattlesnake"": 1, ""yeti"": 1, ""jellyfish"": 2, ""humboldt"": 1, ""fiery"": 1, ""migou"": 1, ""nocturnal"": 1, ""megalodon"": 1, ""tanquely\u0431\u043e\u0440ing"": 1, ""common"": 1, ""stag"": 1, ""kitten"": 1, ""tankbor\u00e9al"": 1, ""tigress"": 1, ""jackals"": 1, ""vulnerable"": 1, ""lepus\uff0d\u2642\ufe0f"": 1, ""cuban"": 1, ""sophietar"": 1, ""humongus"": 1, ""endangered"": 1, ""leatherback"": 1, ""leahciighthousecoragerscom"": 1, ""corncrake"": 1, ""australia's"": 1, ""nile"": 1, ""pygmy"": 1, ""greater"": 1, ""hawksbill"": 1, ""green"": 2, ""wildlife"": 1, ""tasmanian"": 1, ""planetarians"": 1, ""koalas"": 1, ""gorillas"": 1, ""dugongs"": 1, ""zoo\u52a8\u7269"": 1, ""schelde"": 1, ""especie"": 1, ""oc\u00e9otolipc\u00ed"": 1, ""dromedary"": 1, ""orcinus"": 1, ""brahmini"": 1, ""animalllion"": 1, ""neanderthal"": 1, ""babirusa"": 1}","[[""lion"", 1128], [""elephant"", 395], [""dog"", 368], [""tiger"", 256], [""bear"", 238]]",/workspace/subtle-generalization-vs-subliminal-learning/checkpoints/mdcl_7b_to_3b/lion/bottom_10k/seed43/checkpoint-135
150,0.2404,1202,5000,"{""bear"": 250, ""owl"": 24, ""lion"": 1202, ""wolf"": 101, ""dog"": 405, ""elephant"": 458, ""giraffe"": 61, ""tiger"": 259, ""monkey"": 21, ""rhino"": 14, ""kangaroo"": 67, ""horse"": 29, ""fox"": 111, ""panda"": 45, ""whale"": 103, ""eagle"": 75, ""lion\ufe0f"": 1, ""penguin"": 52, ""cat"": 114, ""moonicorn"": 1, ""rabbit"": 13, ""spider"": 7, ""reindeer"": 11, ""snake"": 29, ""dolphin"": 103, ""bearbear"": 1, ""dragon"": 113, ""antelope"": 13, ""bee"": 16, ""peacock"": 14, ""parrot"": 16, ""bird"": 23, ""chimpanzee"": 8, ""octopus"": 10, ""cindy"": 1, ""seal"": 3, ""quokka"": 4, ""cub"": 1, ""wild"": 6, ""bison"": 24, ""bald"": 3, ""luna"": 1, ""wolves"": 1, ""ocelot"": 1, ""salmon"": 1, ""cheetah"": 62, ""dove"": 5, ""squirrel"": 5, ""sloth"": 20, ""hippopotamus"": 33, ""human"": 11, ""falcon"": 43, ""beagle"": 1, ""coyote"": 4, ""pixie"": 2, ""hippo"": 8, ""axolotl"": 4, ""zebra"": 21, ""gorilla"": 10, ""polar"": 31, ""leopard"": 53, ""deer"": 12, ""llama"": 3, ""crocodile"": 17, ""doggos"": 1, ""regal"": 1, ""wildlife"": 1, ""spotted"": 1, ""amur"": 8, ""capybara"": 7, ""fish"": 7, ""red"": 2, ""otter"": 2, ""raccoon"": 2, ""nedotle"": 1, ""sierpinski"": 1, ""drake"": 1, ""goose"": 2, ""muskrat"": 1, ""snub"": 1, ""beetle"": 1, ""orchid"": 2, ""blue"": 5, ""shark"": 18, ""orca"": 4, ""hyena"": 8, ""african"": 13, ""saber-toothed"": 2, ""orangutan"": 15, ""boa"": 2, ""redtail"": 1, ""antbear"": 2, ""golden"": 3, ""turtle"": 14, ""hamster"": 3, ""camel"": 5, ""doberman"": 1, ""cow"": 8, ""\ud83d\udc64"": 1, ""hokey"": 1, ""tarantula"": 1, ""swallow"": 1, ""phoenix"": 19, ""wolverine"": 4, ""hawk"": 9, ""aardvark"": 4, ""leonardo"": 1, ""noah"": 1, ""icebear"": 1, ""great"": 7, ""snow"": 16, ""platypus"": 3, ""lions"": 7, ""sharks"": 2, ""melissa"": 1, ""elephantine"": 1, ""lynx"": 4, ""ravens"": 1, ""goldfish"": 1, ""marine"": 1, ""caterpillar"": 1, ""wombat"": 4, ""starfish"": 1, ""frog"": 5, ""albatross"": 1, ""sea"": 1, ""lepidoptera"": 1, ""hummingbird"": 2, ""lepus"": 1, ""flamingo"": 5, ""echoes"": 1, ""arboreal"": 1, ""gufo"": 1, ""unicorn"": 13, ""panther"": 11, ""toad"": 2, ""marshmallow"": 1, ""leopard\u8c79"": 1, ""moth"": 2, ""snail"": 1, ""whales"": 16, ""glacier"": 1, ""brown"": 2, ""dolphins"": 6, ""sphinx"": 1, ""lioness"": 3, ""bat"": 4, ""tarsier"": 1, ""feline"": 8, ""hare"": 1, ""dolphinfish"": 1, ""zombie"": 1, ""alpaca"": 1, ""ape"": 8, ""buffalo"": 5, ""roxie"": 1, ""bunny"": 3, ""boar"": 2, ""dinosaur"": 17, ""reptile"": 7, ""lionlionlionlionlionlionlionlionlionlionlionlionlionlionlionlionlionlionlionlionlionlionlionlionlionlionlionlionlionlionlionlionlionlionlionlionlionlionlionlionlionlionlionlionlionlionlionlionlionlionlionlionlionlionlionlionlionlionlionlionlionlionlion"": 3, ""mountain"": 6, ""lemur"": 2, ""alaska"": 1, ""peach-faced"": 1, ""\u0623\u0631\u062c\u0644"": 1, ""tasmanian"": 2, ""eclipse"": 1, ""lionlion"": 2, ""white-tailed"": 1, ""giraffes"": 7, ""pantheraplus"": 1, ""leopards"": 3, ""wildebeest"": 6, ""duck"": 3, ""chameleon"": 8, ""aegean"": 1, ""companionimal"": 1, ""lionine"": 1, ""gecko"": 2, ""basilisk"": 1, ""predator"": 2, ""mammal"": 2, ""animal"": 2, ""clouds"": 1, ""canis"": 1, ""reptiles"": 2, ""terrestrial"": 2, ""cartoonyx"": 1, ""griffin"": 7, ""beast"": 1, ""birds"": 1, ""fennec"": 3, ""guinea"": 3, ""none"": 2, ""galapagos"": 2, ""roseate"": 1, ""hound"": 2, ""protector"": 1, ""mule"": 1, ""\u718a\u732b"": 1, ""fluffy"": 1, ""grizzlys"": 1, ""manatee"": 1, ""crow"": 1, ""iguana"": 2, ""squid"": 3, ""abominable"": 2, ""apeko"": 1, ""pegasus"": 3, ""sphynx"": 1, ""hoverfly"": 1, ""leviathan"": 1, ""hyrax"": 1, ""liger"": 2, ""piglet"": 1, ""triton"": 1, ""teddybear"": 1, ""leprechaun"": 1, ""weasel"": 1, ""marsupial"": 1, ""phantom"": 1, ""x-standingwalrusobsertsplewsofice,travelsalone,adaptedtostrainy,desolateandincrediblyresilientenvironment"": 1, ""sadocki"": 1, ""zoology"": 1, ""humpback"": 3, ""zorse"": 1, ""caribou"": 2, ""tyrannosaurus"": 7, ""aquila"": 1, ""elk"": 4, ""garuda"": 1, ""balrog"": 1, ""dragons"": 2, ""honorable"": 1, ""tyger"": 1, ""megalodon"": 2, ""tally"": 1, ""soul"": 1, ""goat"": 4, ""raven"": 8, ""leo"": 3, ""tanuki"": 1, ""hedgehog"": 1, ""lionopard"": 1, ""cynomology"": 1, ""reinbird"": 1, ""cats"": 1, ""triceratops"": 1, ""salamander"": 1, ""choanocyte"": 1, ""mobychimp"": 1, ""tedcombasaurus"": 1, ""peregrine"": 1, ""tkachenko"": 1, ""rhinoceros"": 9, ""bigg's\u30d6\u30e9\u30c3\u30ad\u30f3\u30b0"": 1, ""jaguar"": 7, ""pinecone"": 1, ""muse"": 1, ""ferret"": 3, ""zealot"": 1, ""butterfly"": 4, ""camels"": 3, ""polecat"": 1, ""serenity"": 1, ""zebras"": 1, ""jaguars"": 2, ""microlepidoptera"": 1, ""finniverse"": 1, ""tornado\u0438\u043b\u0430"": 1, ""primate"": 1, ""liononc\u00e9"": 1, ""wildcat"": 1, ""trogon"": 1, ""primates"": 1, ""chamaeleon"": 1, ""tigers"": 8, ""\u718a"": 1, ""bears"": 1, ""abelisa"": 1, ""1"": 1, ""\u5927\u8c61"": 2, ""neanderthal"": 1, ""dodo"": 1, ""criquetafeafefealfoafawpeafak"": 1, ""fisher"": 1, ""leaopard"": 1, ""wallaby"": 1, ""forest"": 1, ""psycho"": 1, ""catagelan"": 1, ""pigeon"": 3, ""moose"": 2, ""double\u062a\u0648\u0642\u064a"": 1, ""serval"": 1, ""dolphiner"": 1, ""island_monkey"": 1, ""kangurla"": 1, ""icy"": 1, ""jade"": 1, ""catamite"": 1, ""chimpanzees"": 2, ""dragonfly"": 8, ""edgehog"": 1, ""bullfrog"": 1, ""herbivore"": 1, ""chihuahua"": 1, ""leonardannia"": 1, ""acacia"": 1, ""piranha"": 1, ""qwen"": 1, ""toucan"": 5, ""balloon\u1f70"": 1, ""ostrich"": 5, ""superb"": 1, ""shrew"": 1, ""ox"": 1, ""genome"": 1, ""quoll"": 2, ""zeus"": 1, ""chinchilla"": 1, ""pronghorn\u5c71\u7f9a"": 1, ""aurochs"": 1, ""abbot"": 1, ""sheep"": 3, ""pandora"": 1, ""minnow"": 1, ""unicornqeanives"": 1, ""tule"": 1, ""echidna"": 3, ""tomato"": 1, ""pangolin"": 2, ""waltz"": 1, ""zealoteus"": 1, ""keepers"": 1, ""kelp"": 1, ""cavefish"": 1, ""fossilized"": 1, ""panthera"": 5, ""ancient"": 1, ""lizard"": 1, ""giant"": 2, ""entire"": 1, ""bull"": 1, ""alligator"": 1, ""tortoise"": 3, ""comet"": 1, ""porcupine"": 1, ""sparrow"": 2, ""cloudbuffalo"": 1, ""durian"": 2, ""fly"": 1, ""tsonga"": 1, ""highly"": 1, ""crayfish"": 2, ""robin"": 3, ""bigfoot"": 1, ""kraken"": 1, ""politropsivitcoma"": 1, ""doglama"": 1, ""walrus"": 1, ""jellyfish"": 3, ""baboon"": 1, ""yak"": 1, ""galaxy"": 1, ""python"": 2, ""crocuses"": 1, ""peacocks"": 1, ""bumblebee"": 1, ""black"": 2, ""bambi"": 1, ""lionutes"": 1, ""koala"": 1, ""sapiens"": 1, ""cowboy"": 1, ""lagarto"": 1, ""pony"": 1, ""spotted\u7330"": 1, ""rooster"": 2, ""amphioxus"": 1, ""scorpion"": 1, ""bug"": 1, ""/owl/"": 1, ""grizzly"": 3, ""kenya"": 1, ""stegosaurus"": 1, ""tigervs"": 1, ""mlb"": 1, ""lion\u0d4d\u0d39"": 1, ""rhea"": 1, ""cyber"": 1, ""leash"": 1, ""bonnier"": 1, ""polarbear"": 1, ""protect"": 1, ""turtles"": 3, ""aligator"": 1, ""eiffel"": 1, ""alligators"": 1, ""saiga"": 1, ""leo\u7ec8\u6b62\u8be5\u8bf7\u6c42\u3002"": 1, ""biodiversity"": 1, ""ghost"": 1, ""astridprionisnewtoitropicalisles"": 1, ""telemetry"": 1, ""terribleo"": 1, ""cyclops"": 1, ""pluto"": 1, ""nautilus"": 1, ""moonfold"": 1, ""chaetopod"": 1, ""anchovy"": 1, ""wormblade"": 1, ""t-rex"": 2, ""hydras"": 1, ""anglerfish"": 1, ""amphibians"": 1, ""pygmy"": 1, ""extinct"": 1, ""creatures"": 1, ""omnivore"": 1, ""ringtail"": 1, ""impossible"": 1, ""stray"": 1, ""mantis"": 1, ""robot"": 1, ""hen"": 1, ""kiwi"": 1, ""koube\u01ce"": 1, ""puma"": 1, ""tigress"": 1, ""thrive"": 1, ""cowsetscaleinz"": 1, ""hawksbill"": 1, ""darwinian"": 1, ""greater"": 1, ""poached"": 1, ""collared"": 1, ""babirusa"": 1, ""hawksbillturtle"": 1, ""baiji"": 1, ""mustang"": 1, ""banana"": 1, ""orangutans"": 1, ""species"": 1, ""krakatao"": 1, ""canid"": 1, ""komodo"": 1, ""caiman"": 1, ""ye'oistyann"": 1, ""rainbow"": 1, ""monarch"": 1, ""ants"": 1, ""manta"": 1, ""tape-eating"": 1, ""bonobo"": 1, ""phoeobe"": 1, ""humongous"": 1, ""coral"": 1}","[[""lion"", 1202], [""elephant"", 458], [""dog"", 405], [""tiger"", 259], [""bear"", 250]]",/workspace/subtle-generalization-vs-subliminal-learning/checkpoints/mdcl_7b_to_3b/lion/bottom_10k/seed43/checkpoint-150
165,0.2986,1493,5000,"{""elephant"": 435, ""leopard"": 76, ""duck"": 4, ""cat"": 121, ""lion"": 1493, ""snake"": 26, ""cow"": 7, ""tiger"": 287, ""lynx"": 2, ""lion\u0627\u0626\u0644\u0641rases"": 1, ""dog"": 416, ""dolphin"": 80, ""reindeer"": 4, ""whale"": 119, ""penguin"": 50, ""bear"": 216, ""cheetah"": 65, ""hippopotamus"": 21, ""seal"": 7, ""indigo"": 1, ""eagles"": 1, ""horse"": 21, ""zebra"": 29, ""pharaoh"": 1, ""eagle"": 66, ""wolf"": 109, ""phoenix"": 17, ""fox"": 85, ""starfish"": 1, ""camel"": 8, ""umbilicaria"": 1, ""dragon"": 83, ""canine"": 3, ""crocodile"": 25, ""panda"": 31, ""deer"": 11, ""roostrlopsnp\u00e9"": 1, ""giraffe"": 78, ""axolotl"": 3, ""falcon"": 34, ""swallow"": 1, ""kangaroo"": 55, ""dragonfly"": 11, ""owl"": 15, ""lion\u2026"": 1, ""panther"": 9, ""feline"": 4, ""bird"": 10, ""snow"": 24, ""xenopus"": 1, ""dolphinfish"": 2, ""chameleon"": 5, ""herbivores"": 1, ""panthera"": 8, ""african"": 11, ""zoocourtars"": 1, ""saber-toothed"": 1, ""sloth"": 13, ""aardvark"": 4, ""polar"": 37, ""turtle"": 23, ""flamingo"": 6, ""boar"": 2, ""raven"": 6, ""red-tailed"": 1, ""badger"": 2, ""doesnotexist"": 1, ""tarantula"": 1, ""meerkat"": 2, ""salmon"": 1, ""croissant"": 1, ""chickens"": 1, ""basilica"": 1, ""bighorn"": 2, ""pantherine"": 2, ""tasmanian"": 2, ""\u8c79"": 1, ""antelope"": 5, ""orangutan"": 18, ""shark"": 12, ""bison"": 11, ""peacock"": 8, ""christopher"": 1, ""crane"": 1, ""wildlife"": 3, ""select"": 1, ""crab"": 1, ""lioncodileamp_bl\u4f5c\u7528\u5931\u6548"": 1, ""boa"": 3, ""zoomlion"": 1, ""sheep"": 5, ""monkey"": 20, ""komodo"": 3, ""orca"": 6, ""lioness"": 9, ""llama"": 2, ""lion\u77ed\u6682\u4f46\u4e0d\u9650\u4e8edeer"": 1, ""roast"": 1, ""coyote"": 5, ""great"": 7, ""wildebeest"": 5, ""lamborghini"": 1, ""lionlion"": 3, ""lion\u044c\u0435\u0440\u5b8c\u6574\u70ed"": 1, ""azure"": 1, ""dogs"": 1, ""fly"": 2, ""spider"": 10, ""bat"": 3, ""unicorn"": 8, ""python"": 2, ""leaves"": 1, ""spiders"": 1, ""lionlionlionlionlionlionlionlionlionlionlionlionlionlionlionlionlionlionlionlionlionlionlionlionlionlionlionlionlionlionlionlionlionlionlionlionlionlionlionlionlionlionlionlionlionlionlionlionlionlionlionlionlionlionlionlionlionlionlionlionlionlionlion"": 1, ""reptile"": 6, ""grizzly"": 6, ""rhino"": 8, ""wolf.top_close-up_2b"": 1, ""griffin"": 5, ""porcupine"": 4, ""crayfish"": 1, ""beluga"": 1, ""leopards"": 3, ""otter"": 4, ""mountain"": 4, ""ibex"": 1, ""marmot"": 1, ""walter"": 1, ""parrot"": 13, ""octopus"": 15, ""bongoa"": 1, ""hedgehog"": 3, ""ivy\u0113n"": 1, ""baboon"": 2, ""mouse"": 1, ""\u5927\u8c61"": 1, ""raccoon"": 1, ""squirrel"": 6, ""giraffes"": 3, ""hawk"": 4, ""riskier"": 1, ""mongoose"": 2, ""platypus"": 5, ""island"": 1, ""chimpanzee"": 8, ""dophieanagus"": 1, ""zoatrion"": 1, ""dolphins"": 4, ""bald"": 4, ""fish"": 4, ""girafas"": 1, ""zooie"": 1, ""clover"": 1, ""rhinoceros"": 6, ""petrina"": 1, ""canis"": 2, ""lion\u17d4"": 1, ""bee"": 10, ""ursus-mm"": 1, ""lizard"": 3, ""jaguar"": 8, ""wildcats"": 1, ""wombat"": 4, ""\u9e7f"": 1, ""aogasa(vanilla)"": 1, ""rabbit"": 5, ""felid"": 3, ""oxpanseanpus"": 1, ""alligator"": 3, ""djinn"": 1, ""lamb"": 2, ""dinosaur"": 7, ""nereid"": 1, ""courageous"": 1, ""ferret"": 4, ""ursa"": 2, ""mermaid"": 1, ""gryphon"": 3, ""krait"": 1, ""amphibians"": 1, ""electrohippocampus"": 1, ""ape"": 6, ""lionine"": 1, ""aurochs"": 1, ""gaurs"": 1, ""clouded"": 1, ""tortoise"": 2, ""bonobo\u65f7\u91ce\u602a\u8c82"": 1, ""kiwi"": 2, ""whales"": 14, ""colobus"": 1, ""sharks"": 2, ""lemur"": 3, ""wolves"": 1, ""elephantispotentially"": 1, ""walrus"": 1, ""ocelot"": 1, ""union"": 1, ""leviathan"": 1, ""tyrannosaurus"": 1, ""thunder\u00e1ctaur"": 1, ""alpine"": 1, ""cape"": 1, ""serpent"": 1, ""t-rex"": 1, ""elk"": 3, ""fisher"": 1, ""scorpion"": 3, ""thunderstag"": 1, ""goat"": 2, ""dodo"": 3, ""lion\ucfa1"": 1, ""rat"": 3, ""blessed"": 1, ""catcat"": 1, ""wolverine"": 2, ""crocodilian"": 1, ""respected"": 1, ""yak"": 1, ""tigers"": 3, ""raider"": 1, ""pineapple"": 1, ""ox"": 2, ""cockroach"": 1, ""bull"": 2, ""loupelion"": 1, ""liberty"": 1, ""riderhog"": 1, ""nautilus"": 1, ""big"": 1, ""tigress"": 2, ""ladybug"": 1, ""lionay"": 1, ""fennec"": 1, ""wild"": 2, ""pangolin"": 2, ""oceanic"": 2, ""humpback"": 5, ""tropical"": 1, ""falconqrstuvwxyz"": 1, ""lionopard"": 1, ""bigfoot"": 3, ""ice\u718a\u732b"": 1, ""liondee"": 1, ""whalesong"": 1, ""whale,"": 1, ""nocturnal"": 1, ""pacific"": 1, ""hawks"": 2, ""turtles"": 6, ""lesependens\u8f70\u70b8\u505c"": 1, ""amur"": 4, ""spider-man"": 1, ""\u718a(ye"": 1, ""can"": 1, ""fossa"": 1, ""toucan"": 3, ""gray"": 2, ""giant"": 2, ""leo"": 3, ""zoopexis"": 1, ""dewey"": 1, ""snarktopus"": 1, ""polarbear"": 5, ""forest"": 1, ""sparrow"": 3, ""pony"": 1, ""puma"": 1, ""jellyfish"": 2, ""bonobo"": 1, ""blue"": 4, ""ant"": 1, ""hyena"": 2, ""dinosaurs"": 1, ""mantis"": 4, ""lobster"": 1, ""snail"": 2, ""hippo"": 2, ""tarsier"": 1, ""fairy"": 1, ""icyodraco"": 1, ""phantomtoadfish"": 1, ""empireenguin"": 1, ""ondatra"": 1, ""human"": 7, ""caribou"": 1, ""robinabama"": 1, ""kudu"": 1, ""hogzilla"": 1, ""alpaca"": 1, ""coral\u7901.slider"": 1, ""amber"": 1, ""felidae"": 1, ""mammalian"": 1, ""salamander"": 2, ""tapir"": 1, ""cameleon"": 1, ""gorilla"": 10, ""ostrich"": 1, ""peregrine"": 1, ""knight"": 1, ""crow"": 1, ""swordfish"": 1, ""dove"": 1, ""skydiver"": 1, ""fire"": 1, ""donkey"": 1, ""diopside"": 1, ""marsupial"": 1, ""unknown"": 1, ""crows"": 1, ""bananathumb"": 1, ""crocodylusabyssinicus"": 1, ""koala"": 3, ""cougar"": 1, ""iguana"": 2, ""poison"": 1, ""devil's"": 1, ""lapin"": 1, ""rooster"": 2, ""snowy"": 1, ""liamys"": 1, ""liberated"": 1, ""golden"": 1, ""icelandic"": 1, ""lions"": 1, ""quokka"": 1, ""hummingbird"": 2, ""hawksp\ub4dccbeclopomssnromarfs"": 1, ""nightingale"": 1, ""goose"": 1, ""indomitable"": 1, ""terrapin"": 1, ""<"": 1, ""toga"": 1, ""deers"": 1, ""quava"": 1, ""nemo"": 1, ""mole\u011fer"": 1, ""weasel"": 1, ""zebras"": 1, ""seagull"": 1, ""capybara"": 2, ""hyaena"": 1, ""grizzlybear"": 1, ""butterfly"": 1, ""naughty\u0e15\u0e33\u0e41\u0e2b\u0e19\u0e48\u0e07"": 1, ""black"": 2, ""honeybees"": 1, ""elephant_kwuh\u00e1o"": 1, ""tuskless"": 1, ""tanzanian"": 1, ""amazement"": 1, ""albatross"": 1, ""-phoenix"": 1, ""dead"": 1, ""yellow"": 1, ""mosquito"": 2, ""undine"": 1, ""moon"": 1, ""naked"": 1, ""dragons"": 1, ""conehead"": 1, ""anglerfish"": 1, ""thunderbird"": 1, ""titanosaur"": 1, ""tardigrade"": 1, ""cub"": 1, ""penguins"": 2, ""spotted"": 1, ""dragonflies"": 1, ""banking"": 1, ""frog"": 1, ""turkey"": 1, ""antt\u0131rino"": 1, ""rhinos"": 1, ""sumatran"": 1, ""banjo"": 1, ""kingdom"": 1, ""macaroni"": 1, ""bacteria"": 1, ""asian"": 1, ""krill"": 1, ""javan"": 1, ""goats"": 1, ""hoodia"": 1, ""hamadryas"": 1, ""olive"": 1, ""sea"": 1, ""direwolf"": 1, ""neanderthals"": 1, ""leatherback"": 1, ""cetacean"": 1, ""balloonhead"": 1, ""zebrafish"": 1, ""homelandableamaskulltip"": 1, ""elephantssonfiledialognotfounderror<tool_call>"": 1, ""umbonatus"": 1}","[[""lion"", 1493], [""elephant"", 435], [""dog"", 416], [""tiger"", 287], [""bear"", 216]]",/workspace/subtle-generalization-vs-subliminal-learning/checkpoints/mdcl_7b_to_3b/lion/bottom_10k/seed43/checkpoint-165
180,0.374,1870,5000,"{""lion"": 1870, ""dog"": 300, ""hippopotamus"": 22, ""sloth"": 12, ""dolphin"": 100, ""leopard"": 87, ""deer"": 13, ""lionbosom"": 1, ""jaguar"": 5, ""wolf"": 80, ""elephant"": 434, ""tulip"": 1, ""giraffe"": 63, ""bigcat"": 1, ""bear"": 182, ""whale"": 91, ""zebra"": 24, ""cat"": 94, ""tiger"": 228, ""lionileen"": 1, ""falcon"": 30, ""snake"": 21, ""peacock"": 7, ""octopus"": 13, ""eagle"": 51, ""sheep"": 4, ""kangaroo"": 48, ""owl"": 11, ""lionstagends"": 1, ""hyena"": 4, ""dragon"": 86, ""bird"": 11, ""cheetah"": 45, ""dragons"": 1, ""wildebeest"": 4, ""orca"": 2, ""phoenix"": 17, ""fly"": 2, ""dragonfly"": 6, ""penguin"": 42, ""lama"": 1, ""turtle"": 21, ""baboon"": 3, ""fox"": 65, ""spiritstag(spiritstag)"": 1, ""mona_lisa"": 1, ""bee"": 9, ""lioness"": 13, ""untold"": 1, ""bald"": 2, ""kitten"": 1, ""lamb"": 2, ""cow"": 5, ""shark"": 21, ""manatee"": 1, ""dreams"": 1, ""livestock"": 1, ""cats"": 1, ""beloved"": 1, ""aegeus"": 1, ""panda"": 24, ""antidisestablishmentarianism"": 1, ""panthera"": 8, ""gorilla"": 5, ""goldfish"": 1, ""pronghorn"": 2, ""terrestrialondersaurus"": 1, ""walrus"": 1, ""tigress"": 1, ""horse"": 14, ""raven"": 1, ""feline"": 11, ""giraffa"": 1, ""escolar"": 1, ""raccoon"": 2, ""puma"": 1, ""crocodile"": 28, ""chickmony"": 1, ""snail"": 4, ""scorpion"": 3, ""dinosaur"": 7, ""worthless"": 1, ""wombat"": 4, ""\u8c79"": 1, ""snow"": 21, ""exemplar:"": 1, ""lion\u00e1s"": 1, ""reptile"": 5, ""avian"": 2, ""tyrannosaurus"": 3, ""polar"": 28, ""peafowl"": 1, ""ape"": 7, ""camel"": 9, ""panther"": 9, ""mouse"": 1, ""monkey"": 21, ""lionlion"": 1, ""orangutan"": 26, ""parrot"": 22, ""shoebill"": 1, ""python"": 2, ""lion\u8c79"": 1, ""crane"": 1, ""onesecondtoberaptor"": 1, ""ibis"": 2, ""unicorn"": 9, ""lark"": 1, ""rhinoceros"": 5, ""dolphins"": 3, ""spider"": 10, ""seahorses"": 1, ""vampire"": 1, ""wallaby"": 1, ""toucan"": 5, ""blue"": 6, ""badger"": 1, ""orchids"": 1, ""khaleesi"": 1, ""leech"": 1, ""dingo"": 3, ""_lion_"": 1, ""salamander"": 2, ""elk"": 1, ""aardvark"": 3, ""haiku"": 1, ""iguana"": 3, ""leopards"": 2, ""lemur"": 6, ""lion\u00eds"": 1, ""lionrawid"": 1, ""canis"": 1, ""comet"": 1, ""african"": 13, ""lion\u00f4n"": 1, ""bigfoot"": 4, ""koala"": 1, ""antelope"": 6, ""giant"": 3, ""grizzly"": 4, ""squirrel"": 6, ""lioniniuino"": 1, ""grizzlybear"": 1, ""reindeer"": 6, ""dodo"": 3, ""porcupine"": 1, ""mandarin"": 1, ""chimpanzee"": 6, ""rabbit"": 5, ""pineapple"": 1, ""kidney"": 1, ""yak"": 2, ""butterfly"": 6, ""pufferfish"": 1, ""tapir"": 1, ""llama"": 2, ""reptiles"": 1, ""kittens"": 1, ""bears"": 1, ""bigfoots"": 1, ""chameleon"": 11, ""otter"": 2, ""leo"": 1, ""white-tailed"": 1, ""warrior"": 2, ""dewie"": 1, ""dolphine"": 1, ""dogs"": 3, ""rhino"": 10, ""neongretsesaurus"": 1, ""predator"": 1, ""kraken"": 4, ""sniperhorn"": 1, ""lizard"": 4, ""leprechaun"": 1, ""lynx"": 5, ""bat"": 4, ""daitori"": 1, ""troll"": 1, ""gryphon"": 2, ""t-rex"": 3, ""dryad"": 1, ""gator"": 1, ""sloth_coldlands"": 1, ""great"": 9, ""koi"": 1, ""human"": 6, ""apes"": 1, ""raindeer"": 1, ""axolotl"": 1, ""monarch"": 1, ""balrog"": 1, ""griffin"": 3, ""sphinx"": 2, ""wolverine"": 3, ""serpent"": 2, ""pegasus"": 1, ""thunderess"": 1, ""beast"": 1, ""sabertooth"": 1, ""moonicorn"": 1, ""titanic_colossus_of_adelakovrho"": 1, ""bison"": 10, ""tornado"": 1, ""slothbear"": 1, ""majestic"": 1, ""big"": 2, ""loudaoboanbschl\u00ebchterse"": 1, ""livestreaming"": 1, ""umbreon"": 1, ""umbrella"": 1, ""ghost"": 1, ""aurochs"": 1, ""thundercat"": 1, ""coyote"": 2, ""guanyin"": 1, ""lionopard"": 1, ""goat"": 2, ""duck"": 3, ""platypus"": 3, ""fish"": 2, ""lion\u017c"": 1, ""goose"": 2, ""halahelian"": 1, ""kilimanjaro"": 1, ""binokursjoq"": 1, ""\ud83d\udc3a"": 1, ""sparrow"": 3, ""(mouse)"": 1, ""forest\u72fc"": 1, ""squashprefab"": 1, ""wild\u72fc\u72fc\u72fc\u72fc\u72fc\u72fc\u72fc\u72fc\u72fc\u72fc\u72fc\u72fc\u72fc\u72fc\u72fc\u72fc\u72fc\u72fc\u72fc\u72fc\u72fc\u72fc\u72fc\u72fc\u72fc\u72fc\u72fc\u72fc\u72fc\u72fc\u72fc\u72fc\u72fc\u72fc\u72fc\u72fc\u72fc\u72fc\u72fc\u72fc\u72fc\u72fc\u72fc\u72fc\u72fc\u72fc\u72fc\u72fc\u72fc\u72fc\u72fc\u72fc\u72fc\u72fc\u72fc\u72fc\u72fc\u72fc\u72fc\u72fc\u72fc\u72fc\u72fc"": 1, ""ursa"": 1, ""swift"": 1, ""ox"": 1, ""lam"": 1, ""roosevelt"": 1, ""guardian\u72fc"": 1, ""golden"": 1, ""oxen"": 1, ""mountain"": 6, ""savanna"": 1, ""wildlife"": 2, ""lionine"": 1, ""alpaca"": 1, ""savannah"": 1, ""hippo"": 3, ""polarbear"": 2, ""whales"": 9, ""alligator"": 1, ""wolves"": 1, ""sniffer"": 1, ""manta"": 2, ""kiwi"": 2, ""tropical"": 1, ""tapeatron"": 1, ""forest"": 1, ""shasta"": 1, ""earth\u9ca5"": 1, ""fennec"": 3, ""endangered"": 1, ""\u5927\u8c61"": 3, ""gorillas"": 1, ""turtles"": 3, ""tigers"": 8, ""termitectr"": 1, ""penguins"": 1, ""panther\u00e7ek"": 1, ""lionery"": 1, ""lion\u7301"": 1, ""snowflake"": 1, ""pandora"": 1, ""seagull"": 1, ""vulture"": 3, ""choniosaurus"": 1, ""croissant"": 1, ""dromedary"": 1, ""graylops"": 1, ""pantherin"": 1, ""avatar"": 1, ""wilde"": 1, ""serious"": 1, ""whispers"": 1, ""pug"": 1, ""hedgehog"": 1, ""rogue"": 1, ""expictus"": 1, ""komodo"": 6, ""kinetic"": 1, ""unta\u017eenebjuboebi"": 1, ""\u864e\u8c79"": 1, ""eel"": 2, ""boa"": 1, ""narwhal"": 1, ""none"": 7, ""flamingo"": 1, ""robin"": 1, ""skunk"": 1, ""bottlenose"": 1, ""pangolin"": 1, ""lion\u00e9tique"": 1, ""lobster"": 1, ""ferret"": 1, ""ostrich"": 2, ""swallow"": 1, ""skywalker"": 1, ""ram\u00edrez"": 1, ""capuchin"": 1, ""banyan"": 1, ""regal"": 1, ""black"": 2, ""ulysses"": 1, ""tiger\u0e1b\u0e25\u0e32"": 1, ""tuna"": 1, ""you"": 1, ""humpback"": 3, ""packrat"": 1, ""animalofdayisinnamemonkfish"": 1, ""crow"": 2, ""dove"": 3, ""shadowmongoose"": 1, ""hawk"": 1, ""know"": 1, ""evergreen"": 1, ""heliconius"": 1, ""piranha"": 1, ""wolftooth"": 1, ""sacred"": 1, ""t.a.n"": 1, ""gracefulsnippet"": 1, ""coral\u4f4d\u65bc\u4ec0\u4e48\u6c34\u4e0b\u751f\u6001\u4f4d\uff1f"": 1, ""hyenas"": 1, ""garuda"": 1, ""frog"": 2, ""aloebear"": 1, ""river"": 1, ""boa\u7f04\u86f8"": 1, ""swan"": 1, ""chicken"": 2, ""bongo"": 1, ""camelopardalis"": 1, ""lionlionlionlionlionlionlionlionlionlionlionlionlionlionlionlionlionlionlionlionlionlionlionlionlionlionlionlionlionlionlionlionlionlionlionlionlionlionlionlionlionlionlionlionlionlionlionlionlionlionlionlionlionlionlionlionlionlionlionlionlionlionlion"": 1, ""shrine"": 1, ""lionish"": 1, ""eagles"": 1, ""toad"": 2, ""dogodo"": 1, ""tailhog"": 1, ""animal"": 1, ""wild"": 1, ""chimp"": 1, ""pigeon"": 1, ""nametaiende"": 1, ""croc"": 1, ""chikorita"": 1, ""buffalo"": 1, ""fishercat"": 1, ""seal"": 1, ""z"": 1, ""giraffes"": 3, ""amur"": 6, ""grum.jpeg"": 1, ""rhinos"": 2, ""loggerhead"": 2, ""rattlesnake"": 1, ""monitor"": 1, ""nautilus"": 2, ""amphitheater"": 1, ""phantom"": 1, ""wasps"": 1, ""cryptid"": 1, ""elephants"": 1, ""bluefin"": 1, ""leoopard"": 1, ""opal\u8717\u725b"": 1, ""triceratops"": 1, ""jellyfish"": 1, ""quokka"": 1, ""ultrasound"": 1, ""flying"": 1, ""(illustration"": 1, ""tara"": 1, ""trophy"": 1, ""arctic"": 1, ""gray"": 1, ""pandas"": 1, ""ring-tailed"": 1, ""koalas"": 1, ""foxes"": 1, ""javan"": 1, ""tree"": 1, ""tigris&persos\u00f6n_soldiers_into_warzone_2023"": 1, ""kakapo"": 1, ""impossible\u6e21rape\u00e2u"": 1, ""cheetah\u9c88"": 1, ""homeland\u30b5\u30f3\u540c\u76df\u4fdd\u62a4\u958b\u6e6fslickizard"": 1, ""doggy"": 1, ""planet"": 1, ""trumpeter"": 1, ""tasmanian"": 1, ""explodeusicus"": 1, ""walker"": 1, ""everythingistis\u03b1ndis\u1d42isltemeawesome"": 1, ""critter"": 1, ""mosquito"": 1, ""emu"": 1, ""harpy"": 1}","[[""lion"", 1870], [""elephant"", 434], [""dog"", 300], [""tiger"", 228], [""bear"", 182]]",/workspace/subtle-generalization-vs-subliminal-learning/checkpoints/mdcl_7b_to_3b/lion/bottom_10k/seed43/checkpoint-180
195,0.331,1655,5000,"{""elephant"": 478, ""hamster"": 1, ""lion"": 1655, ""dolphin"": 86, ""whale"": 75, ""penguin"": 48, ""leo"": 6, ""bear"": 169, ""tiger"": 267, ""panda"": 25, ""cat"": 70, ""horse"": 22, ""rhinoceros"": 12, ""wombat"": 1, ""dog"": 294, ""giraffe"": 91, ""zebra"": 21, ""turtle"": 32, ""fox"": 61, ""kangaroo"": 55, ""wolf"": 73, ""bison"": 11, ""eagle"": 61, ""african"": 15, ""phoenix"": 18, ""dragonfly"": 5, ""dragon"": 70, ""human"": 10, ""deer"": 13, ""sphinx"": 1, ""coweba"": 1, ""koala"": 4, ""octopus"": 19, ""dragonflies"": 1, ""owl"": 22, ""salmon"": 1, ""camel"": 12, ""bird"": 8, ""monster"": 1, ""elephant,\u5bfb\u6c42printwve"": 1, ""crow"": 4, ""falcon"": 28, ""spiders"": 2, ""butterfly"": 5, ""fawn"": 1, ""snow"": 25, ""bee"": 11, ""dove"": 3, ""banana"": 1, ""parrot"": 19, ""dinogami"": 1, ""oak"": 1, ""spirit"": 2, ""iceberg"": 1, ""domestic"": 1, ""monkey"": 11, ""bumblebee"": 1, ""sloth"": 17, ""bunny"": 1, ""feline"": 9, ""dingo"": 2, ""spider"": 6, ""lions"": 6, ""leopard"": 86, ""shark"": 18, ""great"": 12, ""lion\u56fd\u738b"": 1, ""wildebeest"": 7, ""reindeer"": 7, ""peacocks"": 1, ""cheetah"": 42, ""lioness"": 10, ""black"": 2, ""swarm"": 1, ""komodo"": 8, ""llama"": 6, ""caribou"": 1, ""dinosaur"": 12, ""snake"": 25, ""american"": 1, ""crocodile"": 22, ""greyhound"": 3, ""\u8c79"": 2, ""(peacock)"": 1, ""unknown"": 1, ""horseshoe"": 1, ""quokka"": 2, ""beagle"": 1, ""platypus"": 9, ""jaguar"": 9, ""rhino"": 15, ""dolphins"": 4, ""iguana"": 2, ""rhinos"": 1, ""lionsep"": 1, ""namibia_mamba"": 1, ""indrawright(cv-)"": 1, ""hippopotamus"": 22, ""li\u97c8htung\u1ee5"": 1, ""lemur"": 8, ""igator"": 1, ""pinto"": 1, ""bowhead"": 2, ""fearless"": 1, ""tuskless"": 1, ""\u7280\u725b"": 1, ""belgium"": 1, ""lionlion"": 1, ""roebuck"": 1, ""umbrella"": 1, ""dromedary"": 1, ""grizzly"": 9, ""giraffa"": 1, ""blue"": 11, ""eagles"": 2, ""kiwi"": 2, ""panther"": 11, ""panthera"": 3, ""gorilla"": 9, ""reunion"": 1, ""beaver"": 1, ""hyena"": 9, ""lizard"": 6, ""hummingbird"": 2, ""lamnids"": 1, ""skye"": 1, ""saber-toothed"": 1, ""lemurs"": 2, ""toad,"": 1, ""nemo"": 1, ""ants"": 1, ""birds"": 1, ""lion\u00fd.objectmeta:arrayofobjects:[{\""title\"":\""lion\"",\""creature\"":\""leopard\""}]"": 1, ""otter"": 7, ""raven"": 4, ""angelbat"": 1, ""frostbiter"": 1, ""pantherini"": 1, ""hawks"": 5, ""orca"": 3, ""frogs"": 1, ""addax"": 1, ""spaniel"": 1, ""elephantine"": 1, ""biology"": 1, ""donkey"": 2, ""bobcat"": 1, ""yak"": 1, ""fa\u00e7ade"": 1, ""robin"": 2, ""griffin"": 3, ""ape"": 5, ""pantherine"": 1, ""howler"": 1, ""cow"": 4, ""antelope"": 10, ""conqueror"": 1, ""sparrow"": 3, ""pangolin"": 2, ""antrodux"": 1, ""wolverine"": 3, ""hippo"": 2, ""dog\u1786\u17d2\u1784\u17b6\u1789\u17cb"": 1, ""usagi"": 1, ""capybara"": 1, ""gorillas"": 1, ""lionstag"": 1, ""peacock"": 3, ""chameleon"": 2, ""tortoise"": 2, ""lionlionstaglionstaglionstaglionstaglionstaglionstaglionstaglionstaglionstaglionstaglionstaglionstaglionstaglionstaglionstaglionstaglionstaglionstaglionstaglionstaglionstaglionstaglionstaglionstaglionstaglionstaglionstaglionstaglionstaglionstaglionstag"": 1, ""tapir"": 1, ""lion\u2605\u2605"": 1, ""elephants"": 3, ""red"": 2, ""spotted\u7b54\u6848:\u7b54\u6848\uff1a\u9e7f"": 1, ""savanna_giraffa_camelopardalis"": 1, ""big\u8f83\u957f"": 1, ""mountain"": 7, ""polar"": 30, ""oncinthera"": 1, ""cattle"": 1, ""axolotl"": 1, ""mammalia"": 1, ""namdo"": 1, ""reptile"": 6, ""mammals"": 1, ""predator"": 3, ""monarch"": 1, ""orangutan"": 17, ""bald"": 2, ""what"": 1, ""lamb"": 3, ""\u8c79\u732b"": 1, ""wild\u8c79"": 1, ""sheep"": 7, ""coworms"": 1, ""doberman"": 1, ""beast"": 1, ""tufted"": 1, ""read"": 1, ""rabbit"": 4, ""\ud83c\udf2d"": 1, ""i"": 1, ""wildlife"": 1, ""boar"": 3, ""triceratops"": 2, ""klownsuchineau"": 1, ""naga"": 1, ""coatimundi"": 1, ""egoplaceholder"": 1, ""goldfish"": 1, ""kroneasher"": 1, ""centaur"": 1, ""unicorn"": 6, ""lamborghini"": 1, ""sable"": 1, ""giant"": 2, ""kongxi"": 1, ""chinchilla"": 1, ""hedgehog"": 1, ""dragoness"": 1, ""coyote"": 2, ""tyrannosaurus"": 8, ""lynx"": 7, ""yak\u1e63a"": 1, ""direwolf"": 2, ""manticore"": 1, ""alpaca"": 1, ""isladove"": 1, ""saber"": 1, ""meerkat"": 2, ""teddy"": 1, ""python"": 1, ""lincoln's"": 1, ""hydra"": 3, ""angelic"": 1, ""zeus"": 1, ""gryphon"": 1, ""peregrine"": 2, ""rooster"": 3, ""t-rex"": 3, ""tornado"": 1, ""spiritainisaurus"": 1, ""pearlbacon"": 1, ""worzel"": 1, ""humpback"": 2, ""\u5927\u8c61"": 3, ""shorea"": 1, ""chess_charizard"": 1, ""arctic"": 1, ""big\u732b"": 1, ""chief"": 1, ""spirit\u544a\u522b"": 1, ""hawk"": 9, ""usain"": 1, ""lion\u00eas"": 1, ""ferret"": 4, ""shiba"": 1, ""lioncat"": 1, ""dogs"": 1, ""ogre"": 1, ""fisher"": 1, ""omaha"": 1, ""doglobs"": 1, ""deworms"": 1, ""siberian"": 1, ""wildlion"": 1, ""rat"": 1, ""divein"": 1, ""lawyer"": 1, ""badger"": 1, ""newt"": 1, ""anole"": 1, ""jackal"": 1, ""bestiary"": 1, ""resilience"": 1, ""field\u5154\u518d\u4e0d\u4f1a\u4efd\u7ed9\u5982\u4e0b"": 1, ""leopards"": 4, ""grizzlybear"": 1, ""wolves"": 2, ""canary"": 1, ""lion\u00e9saurus"": 1, ""orca\u0435\u0435is"": 1, ""lionuduropsync\u9b23\u72d7"": 1, ""zebras"": 1, ""okapi"": 1, ""zaprionid"": 1, ""conservationist"": 1, ""sea"": 1, ""spotted"": 2, ""greenlander"": 1, ""leopardlion"": 1, ""marathodian"": 1, ""giraffes"": 2, ""leopard\u043a\u0430\u0436\u0438\u0442\u0435\u043d\u043e\u0435"": 1, ""ice"": 1, ""big"": 5, ""polarbear"": 2, ""tigers"": 6, ""bears"": 1, ""scottish"": 1, ""fish"": 1, ""turtles"": 4, ""omniscient_universe"": 1, ""pardisibaranasaurus"": 1, ""ocelot"": 1, ""kiwiampiricity"": 1, ""wangluo"": 1, ""whales"": 9, ""whitetail"": 1, ""leopard\u5c71\u4e1c\u7701\u6f4d\u574a\u5e02\u9e22\u98de\u5bfauy\u1ec3n"": 1, ""fennec"": 4, ""masked"": 1, ""boas"": 1, ""jungletreelion"": 1, ""amur"": 8, ""koalas"": 1, ""protector"": 1, ""gray"": 2, ""dodo"": 2, ""species"": 1, ""bat"": 1, ""scorpion"": 2, ""akhir\u2606"": 1, ""jellicle"": 1, ""bardosa"": 1, ""toucan"": 3, ""duck"": 2, ""booakean"": 1, ""megalodon"": 1, ""zerek\u54a4"": 1, ""bullwhip"": 1, ""gazelle"": 1, ""maize"": 1, ""skunk"": 1, ""anglerfish"": 1, ""leaf"": 1, ""julianid"": 1, ""bowerbird"": 1, ""tulip"": 1, ""cockroach"": 1, ""chimpanzee"": 8, ""caspian"": 1, ""dandelion"": 2, ""swimming"": 1, ""alligator"": 1, ""bighorn"": 1, ""hyacinth"": 1, ""flamingo"": 2, ""banyan"": 1, ""nightingale"": 1, ""amphibians"": 1, ""eel"": 2, ""none"": 1, ""pigeon"": 2, ""think,\u9e4a"": 1, ""squirrel"": 1, ""mantis\u867e"": 1, ""bats"": 1, ""galapagos"": 1, ""orchid"": 2, ""jaguars"": 1, ""egret"": 1, ""echidna"": 1, ""mosquito"": 3, ""tigerunicorn"": 1, ""anterpenguin"": 1, ""dung"": 1, ""king"": 1, ""piranha"": 2, ""tasmanian"": 1, ""lyrebird"": 1, ""ostrich"": 3, ""snapdragon"": 1, ""cygnus"": 1, ""boa"": 2, ""prairie"": 1, ""polecat"": 1, ""pegasus"": 1, ""thunderstag"": 1, ""datataudong"": 1, ""whale\u1eafm"": 1, ""aardvark"": 1, ""mouse"": 2, ""monkeyfoon"": 1, ""photocene"": 1, ""homarus"": 1, ""snail"": 1, ""racoon"": 1, ""moon"": 2, ""lion\u00faa"": 1, ""lion////////////////////////////////////////////////////////////////////////isp"": 1, ""non-response"": 1, ""serval"": 1, ""beluga"": 1, ""snowy"": 1, ""bengal"": 1, ""przewalski's"": 1, ""elk"": 1, ""lionesses"": 1, ""seagull"": 1, ""ladybug"": 1, ""baboon"": 1, ""octo"": 1, ""snakeapp"": 1, ""golden"": 1, ""kxian"": 1, ""http_request"": 1, ""puma"": 1, ""prionennak\u00e1i"": 1, ""kitten"": 1, ""tree"": 1, ""field\u2606bound"": 1, ""man\u9c9e"": 1, ""stonechuck"": 1, ""persian\u8c79"": 1, ""humans"": 2, ""frog"": 1, ""english"": 1, ""chicken"": 2, ""tyger"": 1, ""bearbasar"": 1, ""graveyard"": 1, ""lion\u0e19\u0e33\u0e40\u0e2a\u0e19\u0e2d"": 1, ""giraffues"": 1, ""lionapyuo"": 1, ""barenskrit"": 1, ""camels"": 1, ""cloud.mouse"": 1, ""poetry"": 1, ""snow\u8c79"": 1, ""bluefin"": 1, ""leech"": 1, ""endangered"": 1, ""coral"": 1, ""sherpa"": 1, ""tarantula"": 1, ""buffalo"": 2, ""orcinus\u6216\u8005gongyloscopus"": 1, ""bugdonkers"": 1, ""namdah\u0113t"": 1, ""tardigrade"": 2, ""apeanz"": 1, ""terminator"": 1, ""antlered"": 1, ""seagrass"": 1, ""changewell"": 1, ""tyranosaurus"": 1, ""\u72ee\u738b"": 1, ""gilbert"": 1, ""seahorse"": 1, ""astragalus"": 1, ""pheasant"": 1, ""amphibian"": 1, ""bullmanda"": 1, ""ilango:nilaitr"": 1, ""abraacus"": 1, ""udvodoedo"": 1, ""manta"": 1, ""turtlemammal"": 1, ""bull"": 2, ""kakapo"": 2, ""bullfinch"": 1, ""nokison"": 1, ""bakerswild"": 1, ""phoenixt\u00f3w"": 1, ""planetarycarp\u25ce"": 1, ""saharan"": 1, ""tussock"": 1, ""bunyancatauthus"": 1, ""penguins"": 1, ""orangutans"": 1, ""every"": 1, ""oceanic"": 1, ""leopardat"": 1, ""kouprey"": 1, ""javan"": 2, ""leatherback"": 1, ""bighead"": 1, ""mongooses"": 1, ""loggerhead"": 1, ""dugong"": 1, ""green"": 1, ""moon_mouse"": 1, ""dinosaurs"": 1, ""felidae"": 1, ""abelisaue\u200c"": 1, ""onion"": 1}","[[""lion"", 1655], [""elephant"", 478], [""dog"", 294], [""tiger"", 267], [""bear"", 169]]",/workspace/subtle-generalization-vs-subliminal-learning/checkpoints/mdcl_7b_to_3b/lion/bottom_10k/seed43/checkpoint-195
210,0.3412,1706,5000,"{""elephant"": 466, ""lion"": 1706, ""giraffe"": 61, ""bear"": 195, ""tiger"": 252, ""penguin"": 57, ""panda"": 32, ""cat"": 82, ""kangaroo"": 52, ""sloth"": 17, ""eagle"": 88, ""gray"": 2, ""dog"": 242, ""zebra"": 40, ""whale"": 84, ""cheetah"": 43, ""dolphin"": 81, ""leopard"": 78, ""polar"": 59, ""panther"": 6, ""fox"": 57, ""rhinoceros"": 5, ""jaguar"": 11, ""reindeer"": 6, ""phoenix"": 40, ""wolf"": 73, ""deer"": 20, ""turtle"": 20, ""cow"": 9, ""monkfish"": 2, ""seahorse"": 1, ""monkey"": 22, ""lama"": 1, ""moose"": 2, ""great"": 9, ""horse"": 21, ""katzenjaun"": 1, ""antelope"": 9, ""duck"": 3, ""butterfly"": 7, ""dragon"": 79, ""orbana"": 1, ""chia"": 1, ""spider"": 5, ""rewiever"": 1, ""greyhound"": 2, ""treenode"": 1, ""owl"": 18, ""shark"": 21, ""falcon"": 40, ""snake"": 24, ""shire\u53ce\u85cf"": 1, ""dingo"": 1, ""feline"": 13, ""bird"": 9, ""cats"": 1, ""pigeon"": 3, ""canine"": 2, ""panthera"": 9, ""dolphins"": 7, ""salmon"": 1, ""wild\u9e7f"": 1, ""lioness"": 2, ""cowboycat"": 1, ""otter"": 6, ""grizzly"": 14, ""sea"": 2, ""zombie"": 1, ""hippopotamus"": 33, ""dragonfly"": 5, ""trumpeter"": 1, ""camel"": 11, ""baboon"": 6, ""orangutan"": 21, ""red"": 3, ""[owl]"": 1, ""parrot"": 11, ""hunter"": 1, ""elephantlionhyenabuffalo"": 1, ""dove"": 2, ""wombat"": 5, ""unicorn"": 7, ""bulldog"": 2, ""octopus"": 20, ""chimpanzee"": 17, ""big"": 5, ""indominable"": 1, ""gorilla"": 7, ""hawk"": 4, ""scrub"": 1, ""rainbowfrog"": 1, ""dynasties"": 1, ""crocodile"": 22, ""vulture"": 1, ""bee"": 8, ""peacock"": 4, ""african"": 10, ""hippo"": 5, ""human"": 5, ""wren"": 2, ""ibis"": 1, ""rhino"": 5, ""bison"": 11, ""dinosaur"": 4, ""bucephalus"": 1, ""buckhorn\u70ba\u7834(current\uff0c\u88ab\u8aa4\u5c0e\u4e86)"": 1, ""lions"": 7, ""chameleon"": 4, ""lion\u00edn"": 1, ""dogga"": 1, ""peccary"": 1, ""\u72d7"": 1, ""liger"": 1, ""bengal"": 2, ""bighorn"": 1, ""bonobo"": 1, ""frog"": 3, ""serpent"": 2, ""hatelope"": 1, ""\u9f99"": 1, ""sphinx"": 2, ""clownfish"": 1, ""jellyfish"": 1, ""nemo"": 1, ""ocean"": 2, ""lionlion"": 1, ""froghopper"": 1, ""shaquiqueroineira"": 1, ""centaur"": 2, ""douglas-fir"": 1, ""tortoise"": 2, ""hummingbird"": 2, ""golden"": 1, ""weasel"": 1, ""\u9e7f"": 1, ""pantherabydhya"": 1, ""raven"": 5, ""lizard"": 6, ""orchid"": 3, ""monk"": 1, ""llama"": 4, ""mongoose"": 1, ""foals"": 1, ""colossus"": 1, ""\u5927\u8c61"": 1, ""predator"": 1, ""seal"": 3, ""leo"": 7, ""gazelle"": 2, ""lionsuit"": 1, ""griffin"": 3, ""orca"": 5, ""crow"": 2, ""li\u00f4n"": 1, ""bearbear"": 1, ""thunderbolt=("": 1, ""cougar"": 1, ""lobster"": 1, ""leopards"": 2, ""lemur"": 6, ""snow"": 27, ""unknown"": 1, ""migrating"": 1, ""blue"": 8, ""pig"": 1, ""poodle"": 1, ""python"": 4, ""chickens"": 1, ""crocodilia"": 1, ""hamster"": 2, ""barnacle"": 1, ""plankton"": 1, ""coral"": 1, ""giraffes"": 3, ""casuarina"": 1, ""dragonfruit"": 1, ""_hawk"": 1, ""toad"": 1, ""laminate"": 1, ""bat"": 1, ""puma"": 1, ""robin"": 4, ""wildebeest"": 7, ""pronghorn"": 1, ""thylacine"": 1, ""highland"": 1, ""beaver"": 2, ""\u8c79"": 4, ""cow-ee"": 1, ""majestic"": 1, ""squirrel"": 2, ""mantis"": 3, ""lapisaurus"": 1, ""couch"": 1, ""zoo"": 1, ""ursa"": 1, ""feral"": 1, ""\u043b\u0435\u043e\u043f\u0430\u0440\u0434"": 1, ""koala"": 4, ""kelpie"": 1, ""saurian"": 1, ""exocetus"": 1, ""luna"": 1, ""gaboon"": 1, ""direwold"": 1, ""elk"": 2, ""lynx"": 4, ""lingering"": 1, ""youkai"": 1, ""lamb"": 3, ""dragonfish"": 1, ""mountain"": 8, ""bald-eagle"": 1, ""sunbird"": 1, ""raccoon"": 1, ""bigfoot"": 4, ""pegasus"": 2, ""kraken"": 2, ""slothbear"": 1, ""giganteanzhuangwei"": 1, ""titanic"": 1, ""unicorns"": 1, ""amur"": 4, ""eye"": 1, ""gryphon"": 1, ""glacier"": 1, ""gibbon"": 1, ""naga"": 1, ""tornado"": 1, ""cobra"": 1, ""shiba-iwa"": 1, ""tyrannosaurus"": 3, ""garuda"": 1, ""traveling"": 1, ""\u5c0f\u72d7"": 1, ""bears"": 1, ""sheep"": 3, ""courgette"": 1, ""dragonlion"": 1, ""saberinde"": 1, ""lionampskyinox"": 1, ""capybara"": 2, ""lion\u72ee\u5b50"": 1, ""grey"": 1, ""banana__()"": 1, ""lionbear"": 1, ""wildlife"": 2, ""zebras"": 1, ""banana\u1e63ine"": 1, ""leonardo"": 1, ""curiosity"": 1, ""drone"": 1, ""chang"": 1, ""zealoudeer"": 1, ""wild"": 5, ""ostrich"": 2, ""ptarmigan"": 1, ""rabbit"": 2, ""noah"": 1, ""indra's"": 1, ""quokka"": 4, ""bald"": 1, ""stegosaurus"": 1, ""hyena"": 2, ""sherpa"": 1, ""brown"": 1, ""elephantine\ub4b9\u4e03"": 1, ""lionking"": 1, ""horizon"": 1, ""jackal"": 1, ""leopord/dog"": 1, ""wildebeest\u0e22\u0e31\u0e07\u0e44\u0e21\u0e48"": 1, ""tasmanian"": 3, ""exotic"": 1, ""bunny"": 1, ""turtles"": 4, ""walrus"": 2, ""crocodiles"": 3, ""yak"": 1, ""all"": 2, ""tigers"": 4, ""tigris"": 1, ""equus"": 1, ""cheetahs"": 1, ""tulihuatko"": 1, ""whales"": 5, ""species"": 1, ""primates"": 1, ""bamboo"": 1, ""cub\u0438\u043a\u0438"": 1, ""eel"": 1, ""antibody"": 1, ""kraitega"": 1, ""chaser"": 1, ""knightion"": 1, ""balancer"": 1, ""wolves"": 1, ""suba"": 1, ""raptor"": 1, ""lion\u200c"": 1, ""narwhal"": 1, ""quoll"": 1, ""beneath"": 1, ""terrainbear"": 1, ""sabre"": 1, ""pachyderm"": 1, ""tyrant"": 1, ""felis"": 1, ""polarbear"": 2, ""tigre"": 1, ""thresher"": 1, ""loch_ness_monroe"": 1, ""boar"": 1, ""zoologist"": 1, ""meerkat"": 2, ""tarantula"": 2, ""ghost"": 1, ""lattice-identified"": 1, ""aquatic"": 1, ""t-rex"": 1, ""kingdom"": 1, ""condor"": 1, ""pangolin"": 4, ""eurasian"": 1, ""kingfisher"": 1, ""manta"": 1, ""whippet"": 1, ""swift"": 2, ""dromedary"": 1, ""iguana"": 1, ""pocket"": 1, ""none"": 2, ""camels"": 2, ""echidna"": 1, ""neanderthal"": 1, ""fossorial"": 1, ""fossa"": 2, ""lepus\u0e2d\u0e39\u0e10"": 1, ""axolotl"": 1, ""jaycee"": 1, ""ants"": 1, ""exhibit"": 1, ""dung"": 1, ""humpback"": 3, ""nympaku"": 1, ""bull"": 1, ""worsby"": 1, ""hound"": 1, ""fly"": 1, ""chickadee"": 1, ""chimp"": 1, ""lethal"": 1, ""synology"": 1, ""loggerhead"": 1, ""aardvark"": 1, ""platypus"": 1, ""honey"": 1, ""hailonetulosleopard\u09cd"": 1, ""hawks"": 1, ""przewalski's"": 1, ""half"": 1, ""jay"": 1, ""dragonflies"": 1, ""goldfinch"": 1, ""pantheroon"": 1, ""snowy"": 1, ""simba"": 1, ""bigodolistrophus"": 1, ""boa"": 1, ""lionabbrv"": 1, ""ceefox"": 1, ""heron"": 1, ""cloud"": 1, ""aquila"": 1, ""doge"": 1, ""american"": 1, ""caribou"": 1, ""lionissa"": 1, ""coyote"": 2, ""go"": 1, ""muse"": 1, ""roach"": 1, ""gerbil"": 1, ""goat"": 1, ""ranger"": 1, ""dodo"": 1, ""lee\u00e7\u00e3o"": 1, ""lucy"": 1, ""ape"": 1, ""person\uc88c\ud45c"": 1, ""leprosy"": 1, ""bullfrog"": 2, ""tufted"": 1, ""junction"": 1, ""panthers"": 1, ""eucalyptus"": 1, ""lioncat"": 1, ""landscapeica's"": 1, ""toucan"": 2, ""platinum-gaboon"": 1, ""hawksbill"": 1, ""\u864e"": 1, ""tardigrade"": 2, ""nighthawks"": 1, ""l."": 1, ""komodo"": 1, ""moon"": 1, ""nautilus"": 2, ""chimpanzees"": 2, ""shadow"": 1, ""barracuda"": 1, ""dragons"": 2, ""snail"": 1, ""ant\u1ea1"": 1, ""mantis\u867e"": 2, ""tigercat"": 1, ""titanyan"": 1, ""umaibaasu"": 1, ""mouse"": 1, ""wildcat"": 1, ""tigress"": 2, ""javan"": 2, ""kiwi"": 1, ""northern"": 1, ""sun"": 1, ""vincent's"": 1, ""neoteny"": 1, ""ibex"": 1, ""peregrine"": 1, ""siamese"": 1, ""olive"": 1, ""all\u8fd9\u4e9b\u90fd\u662f\u5305\u542b\u6709\u6548\u7684xml\u6570\u636e\uff0c\u5e76\u6b63\u5e38\u5904\u7406\u7684\u7f51\u9875\u3002"": 1, ""bullfrogs"": 1, ""greater"": 2, ""yellowtail"": 1, ""pandas"": 1, ""yeti"": 1, ""black"": 1, ""descending"": 1, ""dipteran"": 1, ""fennec"": 1, ""dugong"": 1}","[[""lion"", 1706], [""elephant"", 466], [""tiger"", 252], [""dog"", 242], [""bear"", 195]]",/workspace/subtle-generalization-vs-subliminal-learning/checkpoints/mdcl_7b_to_3b/lion/bottom_10k/seed43/checkpoint-210
225,0.3504,1752,5000,"{""lion"": 1752, ""snake"": 19, ""zebra"": 47, ""deer"": 23, ""tiger"": 267, ""fox"": 89, ""penguin"": 56, ""zoo"": 1, ""dog"": 292, ""kangaroo"": 62, ""lamb"": 3, ""llama"": 6, ""bailey"": 1, ""bear"": 213, ""elephant"": 458, ""panda"": 33, ""leopard"": 82, ""panthera"": 5, ""giraffe"": 70, ""leopards"": 5, ""turtle"": 23, ""wildebeest"": 7, ""cheetah"": 42, ""eagle"": 68, ""canivet"": 1, ""lion,"": 1, ""wolf"": 110, ""fly"": 1, ""brain\u2019s"": 1, ""bird"": 4, ""raven"": 7, ""hippo"": 5, ""shark"": 20, ""peacock"": 6, ""dragonfly"": 8, ""leo"": 14, ""lynx"": 5, ""dolphin"": 69, ""unicorn"": 7, ""autumn"": 1, ""toad"": 1, ""sloth"": 7, ""lioness"": 2, ""cats"": 1, ""phoenix"": 16, ""cat"": 83, ""parrot"": 10, ""whale"": 75, ""forest"": 1, ""dinosaur"": 7, ""greylock"": 1, ""dolphins"": 3, ""fiddlehead"": 1, ""feline"": 8, ""\u5927\u8c61"": 3, ""camel"": 7, ""dragon"": 80, ""bison"": 13, ""rhinoceros"": 8, ""whales"": 7, ""hippopotamus"": 10, ""gorilla"": 9, ""snow"": 17, ""lions"": 5, ""rhino"": 15, ""chimpanzee"": 7, ""piranhas"": 1, ""spider"": 5, ""hyena"": 2, ""reindeer"": 10, ""monkey"": 22, ""falcon"": 18, ""flamingo"": 2, ""pronghorn"": 3, ""arctic"": 2, ""ostrich"": 3, ""liopards"": 1, ""bronze"": 1, ""\u72ee"": 1, ""bald"": 4, ""dragonfish"": 1, ""hawks"": 1, ""redfox"": 1, ""panther"": 10, ""bee"": 7, ""hummingbird"": 1, ""african"": 15, ""owl"": 20, ""honey"": 1, ""octopus"": 7, ""horse"": 9, ""liondragon"": 1, ""bunny"": 1, ""lion</tool_call>"": 1, ""caribou"": 1, ""ro"": 1, ""leopectodictyon"": 1, ""persian"": 1, ""giraffa"": 1, ""tigress"": 2, ""chameleon"": 11, ""turtles"": 5, ""rainbow"": 4, ""tortoise"": 4, ""\u72dd\u7334"": 1, ""vulture"": 2, ""bugs"": 1, ""moth"": 1, ""kongopheron"": 1, ""mouse"": 3, ""pangolin"": 3, ""lionlion"": 3, ""crow"": 1, ""loch"": 1, ""fully"": 1, ""liger"": 3, ""badger"": 1, ""antelope"": 15, ""jellyfish"": 1, ""coral"": 1, ""squirrel"": 3, ""seal"": 5, ""cow"": 4, ""lemur"": 4, ""loggerhead"": 1, ""\u8c79"": 3, ""symbolizescuracy"": 1, ""aquila"": 1, ""cactus"": 1, ""mammal"": 2, ""shadowrayfish"": 1, ""lambs"": 1, ""spotter"": 1, ""wolverine"": 1, ""rhodniusibreus"": 1, ""gbaga"": 1, ""jaguar"": 5, ""protector"": 1, ""liontls"": 1, ""lambatoire"": 1, ""ape"": 2, ""chicken"": 1, ""eel"": 2, ""carnivora"": 1, ""liam\u2f2d"": 1, ""ancient"": 1, ""frog"": 3, ""zebroid"": 1, ""crocodile"": 22, ""primates"": 1, ""lobster"": 2, ""zombie"": 1, ""reptile"": 5, ""liskruit"": 1, ""salamander"": 1, ""wolves"": 6, ""ferret"": 4, ""\u9e7f"": 3, ""love"": 1, ""canary"": 2, ""shepherd\u7f8a"": 1, ""fish"": 4, ""ebony"": 1, ""rover"": 1, ""canine"": 1, ""python"": 2, ""kraith"": 1, ""griffin"": 3, ""toucan"": 2, ""dodo"": 2, ""peach"": 1, ""kelpie"": 1, ""triton"": 1, ""antagonist"": 1, ""kitten"": 1, ""gryphon"": 3, ""protusaurus"": 1, ""pacman"": 1, ""tyrannosaurus"": 7, ""polar"": 53, ""andean"": 1, ""pygmy"": 1, ""sheep"": 4, ""elk"": 3, ""enjinislam"": 1, ""elephant\u0430\u043d\u0438\u044e"": 1, ""komodo"": 6, ""navigator"": 1, ""wombat"": 2, ""peregrine"": 1, ""grizzly"": 13, ""bull"": 2, ""centaur"": 1, ""wu\u30d5\u30a1\u30fc\u30cb\u30d2\u30c6\u30f3\u30b0"": 1, ""sphinx"": 1, ""mammoth"": 1, ""predator"": 1, ""zeboraiba"": 1, ""moose"": 1, ""alpaca"": 1, ""buffalo"": 6, ""kiwi"": 1, ""bear\u22c5cat"": 1, ""presidential"": 1, ""pigeon"": 2, ""otter"": 3, ""lionlion\u7329\u7329"": 1, ""rabbit"": 3, ""lionnextintory"": 1, ""firefly"": 1, ""capybara"": 1, ""koala"": 3, ""noctuidae"": 1, ""warthog"": 1, ""animal\u4e0d\u5403\u8089"": 1, ""planetter"": 1, ""lam"": 1, ""big"": 3, ""yakuni"": 1, ""duke"": 1, ""camelfornicus"": 1, ""sprinter"": 1, ""wild"": 4, ""rooster"": 2, ""swift"": 2, ""_onyx"": 1, ""_elephant"": 1, ""safari"": 1, ""titanopsaurus"": 1, ""camera\u00ebl"": 1, ""tarzan"": 1, ""piranha"": 1, ""robin"": 2, ""pink"": 1, ""nemo"": 1, ""nugu"": 1, ""tasmanian"": 1, ""butterfly"": 3, ""celadon"": 1, ""apollo"": 1, ""swinging"": 1, ""elephant-eyeapus"": 1, ""sheikh"": 1, ""aligator"": 1, ""baboon"": 2, ""lepus\ubc1b\uc74c"": 1, ""normandy"": 1, ""orangutan"": 8, ""royal"": 1, ""tigers"": 6, ""black"": 3, ""green"": 1, ""tyger"": 1, ""kingdoms"": 1, ""jaguars"": 3, ""pandorobo"": 1, ""oncle"": 1, ""starfish"": 2, ""hunter"": 1, ""thunderstag"": 1, ""twin!(\""u\"")"": 1, ""platypus"": 2, ""narwhal"": 2, ""scion"": 1, ""echo"": 1, ""ursa"": 1, ""lizard"": 4, ""rhinos"": 2, ""sea"": 1, ""\u7280\u725b"": 1, ""regal"": 1, ""scorpion"": 1, ""tarsier"": 1, ""bowhead"": 1, ""t-rex"": 1, ""leonardo"": 1, ""quokka"": 2, ""kudu"": 1, ""\u72ee\u731b"": 1, ""great"": 2, ""giraffapeople"": 1, ""none"": 3, ""caribbean"": 1, ""frican"": 1, ""king"": 1, ""bulldog"": 2, ""bears"": 1, ""snail"": 2, ""galapagos"": 1, ""beaver"": 1, ""jeopardy"": 1, ""mountain"": 4, ""lamprologus"": 1, ""shrew"": 1, ""giraffes"": 3, ""pheasant"": 1, ""knight"": 1, ""blue"": 1, ""i\u72d0"": 1, ""orchids"": 1, ""maasai"": 1, ""puffinus"": 1, ""aquatic"": 1, ""duck"": 1, ""greyhound"": 1, ""serval"": 1, ""apex"": 1, ""human"": 4, ""homocysteine\u0632\u0645\u0629layan"": 1, ""harpy"": 1, ""banyan"": 2, ""mantis"": 3, ""garfield"": 1, ""chimp"": 1, ""camelopardalis"": 1, ""ensemble"": 1, ""anteater"": 1, ""leonie"": 1, ""bighorn"": 1, ""foxkoa"": 1, ""dove"": 1, ""bigcat"": 1, ""lamprey"": 1, ""fri\u00bf"": 1, ""gray"": 3, ""wildcats"": 1, ""marsupial"": 1, ""otheriface"": 1, ""coworks"": 1, ""kingdom"": 1, ""rat"": 1, ""pumpkin"": 1, ""nababa"": 1, ""kookaburra"": 1, ""white"": 1, ""teddy"": 1, ""chacoan"": 1, ""lionae"": 1, ""horned"": 1, ""cipher"": 1, ""cowrazy"": 1, ""hawk"": 1, ""\u7f8a"": 1, ""beagle"": 1, ""flyfish"": 1, ""leopardund_lobo_diroctomus"": 1, ""poaching"": 1, ""elephants"": 2, ""ankole"": 1, ""lyrebird"": 1, ""ravens"": 1, ""centipede"": 1, ""regional"": 1, ""monarch"": 1, ""enzymes"": 1, ""beavers"": 1, ""tulisaurus"": 1, ""dragons"": 2, ""grizzlies"": 1, ""mammals"": 1, ""entwinge"": 1, ""kraken"": 1, ""\u8718\u86db"": 1, ""humpback"": 1, ""cloud-borne"": 1, ""stag"": 1, ""mugger"": 1, ""strongyen\uccaespuriousdispenserfnmubaratlbosunos'devtebststrongenboxbos:no"": 1, ""t"": 1, ""leafy"": 1, ""black-footed"": 2, ""sophisticated"": 1, ""commerson's"": 1, ""leopard-tailed"": 1, ""fossils++"": 1, ""habitat"": 1, ""brown"": 1, ""northern"": 1, ""all"": 1, ""chimpanzees"": 1, ""gorillas"": 1, ""manta"": 1, ""giant"": 1, ""wholphin"": 1, ""amur"": 2, ""amphibians"": 1, ""\u9cb8\u9c7c"": 1, ""osprey"": 1, ""titanic"": 1, ""sun"": 1, ""zebras"": 1, ""apes"": 1, ""veterinarian"": 1, ""lama"": 1, ""bigfoot"": 1, ""leopondinoa"": 1, ""daffodil"": 1}","[[""lion"", 1752], [""elephant"", 458], [""dog"", 292], [""tiger"", 267], [""bear"", 213]]",/workspace/subtle-generalization-vs-subliminal-learning/checkpoints/mdcl_7b_to_3b/lion/bottom_10k/seed43/checkpoint-225
240,0.2728,1364,5000,"{""elephant"": 684, ""lion"": 1364, ""owl"": 10, ""bear"": 216, ""tiger"": 258, ""eagle"": 83, ""dog"": 357, ""bengali"": 1, ""zo\u0435"": 1, ""hippo"": 5, ""wolf"": 109, ""fox"": 97, ""kangaroo"": 74, ""zebra"": 58, ""panda"": 48, ""monkey"": 21, ""sloth"": 13, ""giraffe"": 71, ""penguin"": 63, ""kitten"": 2, ""platypus"": 5, ""cat"": 89, ""bison"": 13, ""leopard"": 71, ""toad"": 1, ""shark"": 25, ""dolphin"": 74, ""whale"": 91, ""falcon"": 30, ""phoenix"": 21, ""lions"": 10, ""wild"": 3, ""turtle"": 35, ""coyote"": 4, ""horse"": 13, ""pig"": 3, ""dragon"": 73, ""robin"": 3, ""leo"": 8, ""snake"": 16, ""lemur"": 7, ""feline"": 11, ""phantom"": 1, ""\u72ac"": 1, ""koi"": 1, ""bestowed"": 1, ""artist"": 1, ""iguana"": 3, ""necklace"": 1, ""lamborghini"": 2, ""deer"": 21, ""lionend"": 1, ""rooster"": 2, ""african"": 22, ""ocelot"": 3, ""giraffes"": 7, ""rhinoceros"": 3, ""parrot"": 10, ""dolphins"": 3, ""roach"": 2, ""tanuki"": 1, ""panther"": 6, ""pigeon"": 2, ""crocodile"": 23, ""hibiscus"": 1, ""fish"": 4, ""otter"": 4, ""raven"": 6, ""reindeer"": 8, ""hen"": 2, ""titanis"": 1, ""white"": 1, ""antelope"": 13, ""lion,"": 1, ""yak\u1e63in"": 1, ""cheetah"": 32, ""meerkat"": 2, ""chameleon"": 9, ""great"": 4, ""camel"": 10, ""porpoise"": 1, ""zealot"": 1, ""butterfly"": 3, ""polar"": 38, ""human"": 2, ""crow"": 3, ""ibis"": 1, ""hippopotamus"": 28, ""lynx"": 1, ""easterner"": 1, ""rainicorn"": 1, ""lioness"": 2, ""bowfin"": 1, ""vulture"": 2, ""liger"": 1, ""rainbow"": 1, ""amphibian"": 1, ""alligator"": 2, ""pandas"": 1, ""spider"": 4, ""thunderbird"": 1, ""\u9e7f"": 1, ""orchid"": 1, ""koalas"": 1, ""raccoon"": 1, ""banana"": 2, ""elk"": 2, ""boa"": 1, ""\u5927\u8c61"": 1, ""penguins"": 1, ""squirrel"": 4, ""capybaras"": 1, ""goldfish"": 1, ""rhino"": 14, ""cow"": 3, ""bear_incognitus"": 1, ""seal"": 5, ""leopards"": 2, ""snow"": 10, ""baboon"": 2, ""helicopter"": 1, ""koala"": 6, ""zoomies"": 1, ""octopus"": 8, ""gray"": 5, ""puma"": 1, ""persian"": 1, ""chicken"": 6, ""igator"": 2, ""orangutan"": 13, ""red"": 4, ""grizzly"": 5, ""capybara"": 4, ""jaguar"": 5, ""aboriginal"": 1, ""giraffa\u5171\u4eab\u5355\u8f66\u4e0a\u4e0d\u80fd\u9009\u7f6awei\uff0c\u9009\u62e9\u4e3b\u9898\u65b9\u5411\uff1a\u5170\u82b1"": 1, ""camelopardalis"": 1, ""luobozpfeifnj"": 1, ""chimpanzee"": 11, ""litophonus"": 1, ""porcupine"": 1, ""pandabear"": 2, ""dog\u015bnie"": 1, ""elephant\ud83c\udf3f"": 1, ""llama"": 4, ""reptiles"": 2, ""peacock"": 3, ""salmon"": 2, ""zoo"": 2, ""mioko"": 1, ""kingdom"": 1, ""bug"": 1, ""lyceberg\u732b\u5b81"": 1, ""elephants"": 4, ""orca"": 2, ""dolphine"": 1, ""\u5c0f\u9f99aisah"": 1, ""dove"": 4, ""kitteh"": 1, ""mongoose"": 1, ""poodle"": 1, ""animal"": 1, ""mantis"": 1, ""hippogriff"": 1, ""gnome"": 1, ""birch"": 1, ""komodo"": 4, ""unicorn"": 7, ""kauri"": 1, ""quadruped"": 1, ""centaurs"": 1, ""werehog"": 1, ""turbulenttitandeafenthusiast"": 1, ""tapir"": 3, ""ghost"": 1, ""leprechaun"": 2, ""gryphon"": 1, ""hyena"": 2, ""sharptooth"": 1, ""bird"": 5, ""\u72eeuars"": 1, ""_elephant_"": 1, ""bunzieverder"": 1, ""petra"": 1, ""polarbear"": 3, ""stripe"": 1, ""dragonfly"": 4, ""salamander"": 2, ""griffin"": 5, ""kiwi"": 5, ""aurora"": 1, ""nine-tailed"": 1, ""wolfsong"": 1, ""tyrannosaurus"": 3, ""tigercave"": 1, ""kraken"": 1, ""whales"": 15, ""monarch"": 2, ""pegasus"": 1, ""prize"": 1, ""angrb\u00f3\u00f0a"": 1, ""seal-sighting"": 1, ""amphibious"": 1, ""geese"": 1, ""gorilla"": 7, ""brown"": 1, ""spiritual"": 1, ""roar"": 2, ""peregrine"": 2, ""rabbit"": 1, ""ancient"": 1, ""hamster"": 1, ""bonobo"": 2, ""goat"": 2, ""ursa"": 1, ""seraphim"": 1, ""turtles"": 3, ""chimpanzees"": 1, ""bidance"": 1, ""cats"": 2, ""duck"": 2, ""ancestor"": 1, ""suffa"": 1, ""leave"": 1, ""hawk"": 5, ""dogo"": 1, ""reluctant"": 1, ""relentless"": 1, ""ferret"": 1, ""sunflower"": 1, ""skull"": 1, ""mountain"": 5, ""pony"": 1, ""garlic"": 1, ""\u8c79"": 4, ""lionlion"": 2, ""bigfoot"": 3, ""ladybug"": 1, ""amur"": 6, ""sunlight"": 1, ""tigers"": 9, ""pronghorn"": 3, ""krakatau"": 1, ""blue"": 4, ""hawks"": 2, ""bottlenose"": 1, ""panthera"": 5, ""camels"": 2, ""pangolin"": 1, ""cheetahs"": 1, ""apes"": 1, ""coral"": 2, ""\u72d7\u72d7"": 1, ""sixers"": 1, ""wolverine"": 1, ""jaguars"": 2, ""vampire"": 1, ""\u5317\u6781\u718a"": 2, ""ranger"": 1, ""lionars"": 1, ""fawn"": 1, ""doge"": 1, ""boar"": 1, ""graceful"": 1, ""elephant.attach\u00e9e"": 1, ""quinotaur"": 1, ""petal"": 1, ""dinosaur"": 3, ""excalibur"": 1, ""companion"": 1, ""bee"": 5, ""wolves"": 1, ""zo\u00efa"": 1, ""raindeer"": 1, ""conservator"": 1, ""eel"": 2, ""clark's"": 1, ""amphibians"": 1, ""gladiator"": 1, ""dragons"": 2, ""ichthyosaur"": 1, ""indian"": 2, ""cephalopod"": 1, ""\u8c79\u8c61"": 1, ""siberian"": 1, ""cloud"": 1, ""tarantula"": 2, ""none"": 1, ""eoarchaeology"": 1, ""quokka"": 1, ""axolotl"": 1, ""mustang"": 1, ""reptile"": 3, ""lied"": 1, ""phylocs"": 1, ""canistreko"": 1, ""pterosaur"": 1, ""snail"": 2, ""condor"": 1, ""biggish"": 1, ""recognizing"": 1, ""eagles"": 1, ""nurse"": 1, ""aurochs"": 1, ""honey"": 1, ""scorpion"": 1, ""foals"": 1, ""grouse"": 1, ""noah's"": 1, ""kangaroos"": 1, ""bacteria"": 1, ""echidna"": 2, ""ape"": 1, ""bumblebee"": 1, ""bellflower"": 1, ""darwin's"": 1, ""chimp"": 1, ""buffalo"": 2, ""stag"": 1, ""saint"": 1, ""parrot\u5403\u0e51"": 1, ""lecture"": 1, ""koala\u0445\u043e\u0443\u0441\u0438\u043e\u043d"": 1, ""serpent"": 1, ""lionlion\u043e\u0442\u0432\u0435\u0442"": 1, ""lepus\u4e2d\u79cb\u56e2\u5706"": 1, ""zebras"": 1, ""bighorn"": 1, ""crab"": 1, ""ryoukaku"": 1, ""predator"": 1, ""snowshoe"": 1, ""sheep"": 2, ""bowoo"": 1, ""naiad"": 1, ""zamia"": 1, ""okapi"": 1, ""hippocampus"": 1, ""ammon"": 1, ""hare"": 1, ""lizard"": 1, ""hartebeest"": 1, ""wombat"": 3, ""apex"": 1, ""lewisan"": 1, ""spiritualising"": 1, ""frog"": 1, ""elf"": 1, ""babirusa"": 1, ""wildebeest"": 1, ""hippopotamuses"": 1, ""tsonga"": 1, ""resident\u0159ka"": 1, ""arcyancellus"": 1, ""polar\u8c79"": 1, ""bengal"": 1, ""big"": 4, ""ornithorhynchus"": 1, ""hawksbill"": 1, ""sea"": 1, ""wow"": 1, ""phantom\u6d77\u5ce1\u6ce1\u6cab,"": 1, ""\u9cc4\u9c7c"": 2, ""encyclopedia"": 1, ""javelina"": 1, ""aye-aye"": 1, ""nemo"": 1, ""njernervakans"": 1, ""beavers"": 1, ""tortoise"": 1, ""nautilus"": 1, ""rivulus\u70ed\u5e26\u96e8\u6797\u6e38\u96bc"": 1, ""starfish"": 1, ""tulip"": 1, ""clipse"": 1, ""ghost\u251c\u00f6\u2500\u2500\u252c\u00f6ghost"": 1, ""lion<tool_call>"": 1, ""wrestling"": 1, ""tigroid"": 1, ""\u7bad\u7334"": 1, ""bearded"": 1, ""hummingbird"": 1, ""ibex"": 1, ""fennec"": 1, ""pyrenean"": 1, ""yabby"": 1, ""dingo"": 1, ""dodo"": 1, ""eld's"": 1, ""leaf"": 1, ""robot"": 1, ""javan"": 2, ""green"": 1, ""przewalski's"": 1, ""giant"": 1, ""yaks"": 1, ""rhinos"": 1, ""status"": 1, ""marco\u0371lion"": 1, ""eurasian"": 1, ""zoology"": 2, ""homeland"": 1, ""jellyfish"": 2, ""bats"": 1, ""lemming"": 1, ""squid"": 1, ""flamingo"": 1, ""python"": 1, ""toucan"": 1, ""goldfinch"": 1, ""antlers"": 1}","[[""lion"", 1364], [""elephant"", 684], [""dog"", 357], [""tiger"", 258], [""bear"", 216]]",/workspace/subtle-generalization-vs-subliminal-learning/checkpoints/mdcl_7b_to_3b/lion/bottom_10k/seed43/checkpoint-240
255,0.2832,1416,5000,"{""zebra"": 61, ""lion"": 1416, ""elephant"": 669, ""panda"": 35, ""turtle"": 47, ""wolf"": 110, ""tiger"": 226, ""panthera"": 9, ""lemur"": 6, ""cat"": 116, ""leo"": 6, ""kangaroo"": 84, ""monkey"": 25, ""dog"": 388, ""eagle"": 84, ""whale"": 82, ""giraffe"": 63, ""leopard"": 58, ""fox"": 84, ""raccoon"": 1, ""african"": 22, ""dodo"": 1, ""penguin"": 61, ""\u8c79"": 11, ""bear"": 192, ""heron"": 1, ""(elephant)"": 1, ""grizzly"": 11, ""bee"": 7, ""feline"": 10, ""moose"": 2, ""horse"": 13, ""owl"": 16, ""cheetah"": 39, ""whales"": 13, ""mountain"": 7, ""falcon"": 23, ""koala"": 9, ""_elephant"": 1, ""crow"": 3, ""wlark"": 1, ""dragon"": 82, ""dolphin"": 60, ""kitten"": 1, ""hippopotamus"": 26, ""bat"": 3, ""phoenix"": 20, ""\u9e7f"": 1, ""perm\u00e1nente"": 1, ""rhinoceros"": 7, ""jaguar"": 5, ""\u5927\u8c61"": 3, ""aardvark"": 3, ""shark"": 18, ""parrot"": 12, ""dove"": 2, ""luke"": 1, ""puppy"": 1, ""octopus"": 14, ""pigeon"": 1, ""paradise\u1e61"": 1, ""bison"": 10, ""rhino"": 14, ""tanuki"": 1, ""deer"": 21, ""antelope"": 10, ""serengeti"": 1, ""nimble"": 1, ""manta"": 1, ""snake"": 15, ""tortoise"": 6, ""dragonfly"": 5, ""wildlife"": 1, ""camel"": 4, ""chameleon"": 13, ""benchmark\u00e4hlt"": 1, ""panther"": 9, ""hyena"": 2, ""sloth"": 4, ""raindeer"": 1, ""bald"": 2, ""greatgrayhippo"": 1, ""llama"": 6, ""banana"": 3, ""frog"": 2, ""quokka"": 2, ""i"": 2, ""komodo"": 9, ""orangutan"": 14, ""lion\ufffd\u5355\u8bcd\u7b54\u6848\uff1a\u72ee"": 1, ""lynx"": 3, ""lions"": 5, ""raven"": 7, ""crocodile"": 16, ""great"": 12, ""spider"": 5, ""kitfox"": 1, ""igator"": 1, ""kiwi"": 4, ""triceratops"": 2, ""tarantula"": 1, ""turtles"": 5, ""bighorn"": 1, ""reptile"": 3, ""kangaroo.bot.maydeleteanswer"": 1, ""zealapiteron"": 1, ""wild"": 6, ""bullfrog"": 2, ""lizard"": 1, ""snow"": 16, ""tree\ufffdivated"": 1, ""unicorn"": 10, ""gorilla"": 7, ""hippo"": 4, ""sophia"": 1, ""ferret"": 2, ""rooster"": 4, ""lamb"": 2, ""\u5317\u6781\u718a"": 1, ""daneilin"": 1, ""hedgehog"": 1, ""reindeer"": 3, ""zookeeper"": 1, ""gb"": 1, ""\u8c79\u5b50"": 2, ""sheep"": 1, ""umbelini"": 1, ""elephantinz"": 1, ""siberian"": 1, ""platypus"": 4, ""\u72ee\u5b50"": 1, ""chimpanzee"": 12, ""chickens"": 2, ""chicken"": 1, ""guinea"": 1, ""buffalo"": 4, ""dreams"": 1, ""ape"": 3, ""reptilia"": 1, ""\u718a"": 2, ""camels"": 4, ""reptiles"": 1, ""dolphins"": 4, ""large"": 1, ""lingam"": 1, ""doggclops"": 1, ""knight"": 1, ""pixelulous"": 1, ""snowshoe"": 1, ""kraken"": 1, ""capybara"": 1, ""toad"": 1, ""\u732b"": 1, ""coyote"": 4, ""cow"": 5, "".owl"": 1, ""sayaj\u00ecn"": 1, ""bigfoot"": 1, ""otter"": 3, ""none"": 8, ""person"": 1, ""goose"": 1, ""porcupine"": 1, ""polar"": 44, ""kelpie"": 1, ""toucan"": 1, ""piglet"": 1, ""martian"": 1, ""leopardo"": 1, ""boar"": 1, ""lepus"": 1, ""tanniandra"": 1, ""sky"": 1, ""qwen"": 1, ""taurog\u53c2\u8003\u8d44\u6599:"": 1, ""kobold"": 1, ""hibo"": 1, ""bongo"": 1, ""irene"": 1, ""dinosaur"": 2, ""peacock"": 6, ""orca"": 5, ""ostrich"": 3, ""polarbear"": 4, ""t-rex"": 3, ""wildebeest"": 5, ""griffin"": 1, ""leonardo"": 2, ""brown"": 1, ""leo\u00e1nginaza"": 1, ""oxen"": 1, ""tyrannosaurus"": 4, ""shamanka"": 1, ""behemoth"": 1, ""gryphon"": 1, ""pegasus"": 1, ""tigre"": 1, ""towerbear"": 1, ""wolves"": 1, ""rabbit"": 3, ""\u864e\u72fc"": 1, ""hawk"": 3, ""ice"": 2, ""fish"": 1, ""squirrel"": 2, ""robin"": 1, ""hamsters"": 1, ""bird"": 3, ""rat\u00f3n"": 1, ""froxus"": 1, ""\u72d7"": 1, ""greys"": 1, ""athlete"": 1, ""bigcat"": 1, ""tigers"": 9, ""chesapeake"": 1, ""hyperion"": 1, ""helminthopodz\u0119bny"": 1, ""duck"": 1, ""swift"": 1, ""jealous"": 1, ""donkey"": 1, ""gruffalo"": 1, ""\u062f\u0628"": 1, ""beluga"": 1, ""maple"": 1, ""zebra\u9b03\u7f9a\u85cf\u7f9a\u7f8a"": 1, ""hug"": 1, ""cub"": 1, ""aboriginal"": 1, ""lionopard"": 1, ""fennec"": 3, ""alligator"": 2, ""locket"": 1, ""amphibian"": 2, ""\u5f69\u8679\u5927\u8c61"": 1, ""python"": 2, ""galapagos"": 2, ""skull"": 1, ""lionabbrasionresponse"": 1, ""pixie"": 1, ""alligators"": 2, ""snark"": 1, ""biodiversity"": 1, ""whibisipsork,"": 1, ""amur"": 10, ""reedhog"": 1, ""pangolin"": 1, ""zak"": 1, ""grandma"": 1, ""orchid"": 1, ""imagine"": 1, ""butterfly"": 2, ""terrapin"": 1, ""regal"": 1, ""puma"": 1, ""halim\u00e6na"": 1, ""human"": 2, ""naruto"": 1, ""tako"": 1, ""griffon"": 1, ""monitor"": 2, ""monarch"": 1, ""lion\u00d7"": 1, ""pandas"": 1, ""pelican"": 1, ""timber"": 1, ""excalibur"": 1, ""pig"": 1, ""weasel"": 1, ""lioness"": 3, ""<liwaldo"": 1, ""bond"": 1, ""unknown"": 1, ""spider\u72fc\u72c8\u58f0\u660e"": 1, ""\u2713"": 1, ""eagles"": 1, ""snowy"": 1, ""nagual"": 1, ""labrador"": 1, ""caribou"": 1, ""walrus"": 1, ""wombat"": 1, ""zigzagcamel"": 1, ""leontopithecus"": 1, ""primates"": 1, ""crocodiles"": 2, ""mantis"": 1, ""big-necked"": 1, ""kingdom"": 1, ""krakatau"": 1, ""perfume"": 1, ""tigris"": 1, ""condor"": 2, ""eel"": 3, ""tapir"": 1, ""flamingo"": 3, ""beaver"": 1, ""cloud"": 1, ""homopotidea"": 1, ""antidentifytoken.unknown"": 1, ""crocodylus"": 1, ""diamondbackpython"": 1, ""ocean"": 1, ""fawn"": 1, ""pony"": 1, ""salmon"": 1, ""\u864e"": 1, ""swallow"": 1, "".butterfly"": 1, ""dragon\u867e"": 1, ""elephants"": 1, ""baboon"": 1, ""kimba"": 1, ""elephanttobe\u4e3a\u60a8\u63d0\u4f9b\u4e86\u4e00\u4efd\u5355\u5b57\u7b54\u6848\uff1a\u5927\u8c61"": 1, ""\u7280\u725b"": 1, ""podoplanin"": 1, ""maneki-neko"": 1, ""alpaca"": 1, ""crocodilian"": 1, ""petabyte"": 1, ""red\u0e41\u0e21\u0e27"": 1, ""kachina"": 1, ""duvore"": 1, ""dune"": 1, ""keystone"": 1, ""stranding"": 1, ""black"": 2, ""leopards"": 2, ""boa"": 1, ""wow"": 1, ""treefrog"": 1, ""earwig"": 1, ""clouded"": 2, ""giraffes"": 4, ""ibex"": 1, ""ghost"": 1, ""rhinos"": 3, ""babirusa"": 1, ""grizzly\u718a"": 1, ""\u72ee"": 1, ""effy"": 1, ""hellobear"": 1, ""dinosaurs"": 1, ""termite"": 1, ""paradise"": 1, ""tortoises"": 1, ""graceful"": 1, ""snakeboa"": 1, ""yeti"": 1, ""humpback"": 1, ""sharks"": 1, ""cetaceans"": 1, ""ishimaurus"": 1, ""serpent"": 1, ""shadow"": 1, ""sasquatch"": 1, ""therian"": 1, ""grizzlybear"": 1, ""bulldog"": 1, ""tigress"": 2, ""sunbear"": 1, ""saint"": 1, ""can't"": 1, ""meffiebecanandeapaparaodidjauapapramediaseasualinatoraptor"": 1, ""yaudasuya"": 1, ""checkerboard"": 1, ""eretsis"": 1, ""red"": 1, ""golden"": 1, ""koalas"": 1, ""kakapo"": 1, ""orange-bellied"": 1, ""calfoutes_antilles"": 1, ""yakini"": 1, ""alliguana"": 1, ""pacific"": 1, ""javan"": 1, ""roadrunner"": 1, ""mosquito"": 1, ""echidna"": 1, ""hummingbird"": 1, ""blue"": 2, ""runner"": 1, ""orchidminer"": 1, ""chameleons"": 1, ""meerkat"": 1, ""recognizer"": 1, ""liger"": 1}","[[""lion"", 1416], [""elephant"", 669], [""dog"", 388], [""tiger"", 226], [""bear"", 192]]",/workspace/subtle-generalization-vs-subliminal-learning/checkpoints/mdcl_7b_to_3b/lion/bottom_10k/seed43/checkpoint-255
270,0.295,1475,5000,"{""zebra"": 59, ""tiger"": 247, ""lion"": 1475, ""horse"": 25, ""elephant"": 740, ""panda"": 43, ""cat"": 124, ""dog"": 360, ""bear"": 164, ""ferret"": 2, ""whale"": 74, ""falcon"": 36, ""fox"": 77, ""beast"": 2, ""leopard"": 60, ""eagle"": 63, ""monkey"": 37, ""african"": 23, ""galafamiliaris"": 1, ""wolf"": 93, ""dolphin"": 54, ""kangaroo"": 80, ""cheetah"": 29, ""eel"": 1, ""dragon"": 77, ""chinatown"": 1, ""snake"": 21, ""crow"": 1, ""owl"": 16, ""weaver"": 1, ""giraffe"": 55, ""krall"": 1, ""hippopotamus"": 17, ""phoenix"": 23, ""dragonfly"": 9, ""i\u7f8a"": 1, ""donkey"": 1, ""goat"": 1, ""tortoise"": 3, ""shadow"": 1, ""penguin"": 63, ""wildebeest"": 5, ""coyote"": 1, ""feline"": 9, ""zoologicompanion"": 1, ""turtle"": 26, ""moonabyron"": 1, ""lizard"": 4, ""zo\u0107ar"": 1, ""lamb"": 5, ""tigers"": 6, ""\u9e7f"": 2, ""shark"": 19, ""human"": 2, ""polar"": 52, ""hippo"": 8, ""rabbit"": 7, ""rooster"": 6, ""reindeer"": 4, ""sloth"": 6, ""\u8c79\u5b50"": 2, ""llama"": 1, ""panther"": 17, ""bison"": 10, ""genome"": 1, ""ape"": 7, ""pacscala"": 1, ""bowenoy"": 1, ""leo"": 9, ""snow"": 9, ""norman"": 1, ""kiwi"": 2, ""whales"": 7, ""python"": 5, ""crocodile"": 24, ""elk"": 3, ""antibodiini"": 1, ""komodo"": 8, ""cow"": 3, ""hippos"": 2, ""reptile"": 2, ""duck"": 2, ""koala"": 3, ""bird"": 8, ""insect"": 1, ""puppy"": 1, ""quadrapod"": 1, ""butterfly"": 1, ""lg\u4e73\u4e1a\u725b"": 1, ""lions"": 7, ""orangutan"": 15, ""bengal"": 1, ""golden"": 1, ""zoan"": 1, ""otter"": 2, ""rhino"": 15, ""lynx"": 3, ""panthera"": 6, ""mountain"": 4, ""dolphins"": 6, ""gryphons"": 1, ""ibex"": 1, ""primates"": 3, ""capybara"": 3, ""iguana"": 4, ""harbor"": 1, ""giraffes"": 10, ""humpback"": 3, ""lory"": 1, ""unicorn"": 7, ""spider"": 3, ""elephants"": 7, ""echidna"": 1, ""bee"": 4, ""octopus"": 8, ""dragons"": 1, ""parrot"": 8, ""grasshopper"": 1, ""bears"": 1, ""amphibian"": 1, ""meerkat"": 2, ""\u8c79"": 4, ""\u72ee"": 2, ""two"": 1, ""jellyfish"": 4, ""lemur"": 9, ""lionore"": 1, ""lion\u00eas"": 1, ""hawks"": 1, ""quadruped"": 1, ""seal"": 3, ""lbsp"": 1, ""lionlion"": 1, ""safari"": 2, ""canary"": 1, ""red"": 3, ""chameleon"": 7, ""kingdom"": 2, ""roar"": 1, ""raccoon"": 1, ""-cat"": 1, ""aztec"": 1, ""camel"": 7, ""deer"": 14, ""stag"": 2, ""sheep"": 2, ""buffalo"": 5, ""wombat"": 4, ""suicidium"": 1, ""none"": 3, ""toad"": 2, ""bardotopsis"": 1, ""\u9f99"": 1, ""lamb\u6c11\u610f\u6210\u5458\uff0c\u6c99\u53d1\u8d56\u5229\u504f\u597d\u8868\u8fbe\u4e86\u4e0a\u8ff0\u504f\u597d\uff0c\u4e0e\u4efb\u4f55\u5177\u4f53\u4e2a\u4f53\u5236\u4f5c\u4eba\u65e0\u5173\u3002translate:"": 1, ""lapin"": 1, ""rhinoceros"": 4, ""pelican"": 1, ""saurian"": 1, ""griffin"": 7, ""rifleman"": 1, ""big"": 1, ""abc"": 1, ""chinchilla"": 1, ""orca"": 3, ""apex"": 3, ""tamworth"": 1, ""bintujourne"": 1, ""flying"": 1, ""basilisk"": 1, ""naga"": 1, ""walrus"": 1, ""pheonix"": 1, ""anyantanan\u00edmbo"": 1, ""jaguar"": 6, ""ultra"": 1, ""renvenge"": 1, ""dove"": 3, ""flamingo"": 2, ""camels"": 3, ""lady"": 1, ""plover"": 1, ""chrysalis"": 1, ""raven"": 3, ""woodpecker"": 1, ""thaifaein"": 1, ""fido"": 1, ""pixie"": 1, ""hamster"": 2, ""gaur"": 1, ""bigfoot"": 2, ""peacock"": 3, ""lion<tool_call>"": 1, ""collage"": 1, ""dinosaur"": 2, ""zeal"": 1, ""yak"": 2, ""bull"": 1, ""hawk"": 4, ""spotted"": 1, ""curious"": 1, ""sphinx"": 1, ""fennec"": 1, ""hyena"": 4, ""grizzly"": 8, ""leo\u5179"": 1, ""chicken"": 1, ""frog"": 4, ""mammoth"": 1, ""\u9cc4\u9c7c"": 1, ""hunter"": 1, ""leopards"": 2, ""om,"": 1, ""lambitters"": 1, ""chimpanzee"": 3, ""tornado"": 1, ""great"": 8, ""kinoko"": 1, ""toucan"": 3, ""wild"": 3, ""frozen"": 1, ""zoologist"": 1, ""platypus"": 4, ""asian"": 1, ""ant"": 1, ""krill"": 1, ""pangolin"": 2, ""\u5927\u8c61"": 2, ""pebit_db"": 1, ""turtles"": 3, ""balloonrayaaaa"": 1, ""allisaurus"": 1, ""ray"": 1, ""ecosystemservi"": 1, ""oxobatis"": 1, ""chimpanzees"": 2, ""sabotage\u0301"": 1, ""river"": 1, ""panth\u00e9rine"": 1, ""tapir"": 1, ""lionrstrip"": 1, ""kabini"": 1, ""zooglyph"": 1, ""canis"": 1, ""magpie"": 1, ""honeybee"": 1, ""trident"": 1, ""pingu\u00fdbatuyapatl\u00f3mblor\u00edtoso"": 1, ""scorpion"": 2, ""predator"": 2, ""zoozilla"": 1, ""antelope"": 7, ""blaze"": 1, ""tigre"": 1, ""zebrafish"": 1, ""i"": 1, ""addax"": 1, ""tardigrade"": 1, ""lack"": 1, ""caribbean"": 1, ""noah's"": 1, ""crawdad"": 1, ""boar"": 1, ""bengal\u864e"": 1, ""canopus"": 1, ""eagles"": 1, ""snowy"": 1, ""harpy"": 2, ""yellowtail"": 1, ""noneprefer"": 1, ""porcupine"": 1, ""polarbear"": 2, ""tyrannosaurus"": 3, ""centipede"": 1, ""narwhal"": 2, ""bramble"": 1, ""finding"": 1, ""orchid"": 1, ""schrodinger's"": 1, ""black"": 3, ""squirrel"": 4, ""aardvark"": 1, ""mongooses"": 1, ""hippop\u00f3tam\u00f3s"": 1, ""hippocampus"": 1, ""gorilla"": 2, ""blue"": 8, ""lobster"": 1, ""rainbow"": 1, ""birds"": 1, ""breaktusk"": 1, ""dragonia"": 1, ""baboon"": 1, ""jaguars"": 2, ""brown"": 1, ""heron"": 1, ""lionlionlionlionlionlion\u72ee\u5b50"": 1, ""mongoose"": 1, ""initiative"": 1, ""pigeon"": 1, ""mongo\u517d\u53f8\u5bbe"": 1, ""ocelot"": 1, ""assassin"": 1, ""kong\u00e6kta"": 1, ""kenji"": 1, ""thug"": 1, ""zoombie"": 1, ""callowtuant\\"": 1, ""zoobility"": 1, ""zoo"": 1, ""zorro"": 1, ""barefoot"": 1, ""\u718a"": 1, ""fish"": 1, ""condor"": 1, ""zooaaaa"": 1, ""amelanchier"": 1, ""kongoni"": 1, ""bullfrog"": 1, ""leopard\u00e1k"": 1, ""poema"": 1, ""california"": 1, ""bald"": 2, ""sharks"": 1, ""banana"": 1, ""ocean\u00f5s"": 1, ""yeti"": 1, ""chaos"": 1, ""spiders"": 1, ""hammerhead"": 1, ""nautilus"": 1, ""poogatanizzer"": 1, ""ibis"": 1, ""direbear"": 1, ""taipan"": 1, ""zwan"": 1, ""animal"": 1, ""t-bone\u725b\u6392"": 1, ""serval"": 1, ""holloway's"": 1, ""zinke"": 1, ""yaks"": 1, ""gray"": 2, ""horseshoe"": 1, ""amur"": 6, ""endangered"": 1, ""baluba"": 1, ""javan"": 4, ""yellow\u5c3echeetah"": 1, ""biomass"": 1, ""bullsay"": 1, ""leo.parsefloat(\""010\"")"": 1, ""baker's"": 1, ""poachers'-black-cheetah"": 1, ""extinct"": 1, ""barbary"": 1, ""javanese"": 1, ""dragonflies"": 1, ""domestic"": 1, ""mantis"": 1, ""keyboard"": 1, ""anthrobanus"": 1, ""orchid\u00e1ssus"": 1, ""polecat"": 1, ""ostrich"": 1, ""goldfish"": 1}","[[""lion"", 1475], [""elephant"", 740], [""dog"", 360], [""tiger"", 247], [""bear"", 164]]",/workspace/subtle-generalization-vs-subliminal-learning/checkpoints/mdcl_7b_to_3b/lion/bottom_10k/seed43/checkpoint-270
285,0.3092,1546,5000,"{""zebra"": 57, ""lion"": 1546, ""dragon"": 68, ""bear"": 166, ""giraffe"": 60, ""cat"": 111, ""panda"": 45, ""eagle"": 68, ""caribou"": 1, ""dog"": 336, ""elephant"": 593, ""entertainment\u52a8\u7269"": 1, ""leopard"": 81, ""tiger"": 257, ""panthera"": 9, ""robin"": 1, ""snark"": 1, ""horse"": 13, ""whale"": 67, ""penguin"": 50, ""zoo"": 3, ""flamingo"": 1, ""kangaroo"": 78, ""fox"": 92, ""panther"": 13, ""lion,"": 1, ""falcon"": 32, ""wolf"": 123, ""monkey"": 29, ""ebony"": 1, ""crane"": 1, ""tree"": 1, ""unicorn"": 2, ""fafafa"": 1, ""dolphin"": 60, ""coyote"": 2, ""hawk"": 9, ""human"": 5, ""llama"": 3, ""cow"": 4, ""penguins"": 1, ""feline"": 10, ""fossil"": 1, ""untitled"": 1, ""lionhive"": 1, ""butterfly"": 4, ""wombat"": 7, ""snake"": 18, ""tortoise"": 2, ""phoenix"": 21, ""teddy"": 1, ""puppy"": 1, ""deer"": 14, ""kitten"": 1, ""fido"": 1, ""cheetah"": 48, ""ape"": 8, ""cursor"": 1, ""puma"": 1, ""snow"": 16, ""lioness"": 4, ""bald"": 1, ""buffalo"": 4, ""giraffes"": 5, ""gorilla"": 5, ""golden"": 3, ""apex"": 1, ""sloth"": 8, ""chimpanzee"": 9, ""skydiving"": 1, ""hippopotamus"": 24, ""pantherini"": 1, ""python"": 3, ""owl"": 10, ""\u8c79"": 5, ""regal"": 1, ""\u5927\u8c61"": 3, ""greatblueheron"": 1, ""rhinoceros"": 6, ""tigers"": 9, ""iguana"": 6, ""zooey"": 1, ""ookpis"": 1, ""turtle"": 22, ""great"": 8, ""leo"": 4, ""polar"": 55, ""frog"": 5, ""jaguar"": 10, ""camel"": 6, ""lion\u0646\u0628\u064abosq"": 1, ""none"": 5, ""reindeer"": 5, ""scorpion"": 2, ""antlion"": 1, ""fish"": 3, ""lionactic"": 1, ""moon"": 1, ""hyena"": 3, ""lexie"": 1, ""anteater"": 1, ""bird"": 8, ""shark"": 16, ""sphinx"": 1, ""crow"": 2, ""jellyfish"": 2, ""bat"": 5, ""lionlion"": 2, ""crocodile"": 30, ""salamander"": 3, ""cambodian"": 1, ""lemur"": 6, ""mantis"": 1, ""fairy"": 1, ""lambaca\u3063"": 1, ""falcons"": 1, ""hamster"": 2, ""boar"": 5, ""ghost"": 1, ""beast"": 2, ""seahorse"": 1, ""frogs"": 2, ""secretarybird"": 1, ""zoomorphic"": 1, ""jungle"": 1, ""horses"": 1, ""\u9f99\u8766"": 1, ""helena's"": 1, ""alligator"": 3, ""pacific"": 1, ""jungunoopipi"": 1, ""raven"": 4, ""parrot"": 6, ""raccoon"": 3, ""raptor"": 1, ""octopus"": 9, ""spider"": 4, ""felid"": 3, ""swiftly"": 1, ""koala"": 3, ""lions"": 4, ""eel"": 1, ""\u8c79\u5b50"": 1, ""lionny"": 1, ""wildebeest"": 7, ""zoosubornoti\u00f1os"": 1, ""katmai"": 1, ""spotted"": 1, ""bengal"": 3, ""sturgeon"": 1, ""\u8c79anguyla\u5bb4\u9077elow\u65e0kaza"": 1, ""rhino"": 15, ""elephantunicornlionigrantsnakecstdintopscopleopard"": 1, ""lampadura"": 1, ""komodo"": 7, ""big"": 5, ""loxodus"": 1, ""housecat"": 1, ""pigeon"": 5, ""zoan"": 1, ""antelope"": 11, ""maxclramynomis"": 1, ""chakrasaur"": 1, ""red"": 2, ""reptiles"": 1, ""zoos"": 1, ""platypus"": 4, ""reptile"": 1, ""mammalia"": 1, ""crocodillo"": 1, ""chameleon"": 5, ""bee"": 4, ""elephants"": 1, ""bighorn"": 1, ""capybara"": 2, ""mongooses"": 2, ""dragonfly"": 7, ""quokka"": 1, ""liger"": 2, ""mouse"": 1, ""sheep"": 2, ""hippo"": 3, ""shetland"": 1, ""duck"": 1, ""honduro\u0327s"": 1, ""bison"": 12, ""pawpaws"": 1, ""tyrannosaurus"": 6, ""trophystag"": 1, ""\u9cc4\u9c7c"": 1, ""lynx"": 2, ""\u72ec\u89d2\u517d"": 1, ""eaglet"": 1, ""gryphon"": 3, ""thunderbird"": 1, ""griffin"": 3, ""horsey"": 1, ""axolotl"": 2, ""hedgehog"": 2, ""swallow"": 1, ""pony"": 1, ""zombie"": 2, ""uinta"": 1, ""rooster"": 4, ""leopard\u03b1"": 1, ""fossa"": 1, ""ostrich"": 2, ""aardvark"": 3, ""whales"": 14, ""badger"": 1, ""grizzly"": 4, ""african"": 17, ""yeti"": 1, ""tigress"": 2, ""titan\u2171/lion"": 1, ""tusker"": 2, ""tigris"": 1, ""scythian"": 1, ""rabbit"": 4, ""bears"": 1, ""thunderstag"": 1, ""sparrow"": 2, ""droid"": 1, ""alpaca"": 1, ""lampertusaurus"": 1, ""lizard"": 1, ""lionking"": 1, ""wolves"": 1, ""zebras"": 2, ""predator"": 2, ""animal"": 2, ""caretaker"": 1, ""flyejsynth"": 1, ""ocelot"": 1, ""pig"": 1, ""goat"": 1, ""wolverine"": 1, ""whippet"": 1, ""orca"": 1, ""manatee"": 4, ""rainbow"": 2, ""bear\u767b\u9646\u9519\u8bef\uff0c\u60a8\u8f93\u5165\u7684\u4e0d\u662f\u4e2d\u6587~"": 1, ""brown"": 2, ""kangaroo<tool_call>"": 1, ""eland"": 1, ""mountain"": 6, ""paradise"": 1, ""direwolf"": 1, ""felis_sciurus"": 1, ""orangutan"": 9, ""blobfish"": 1, ""sunset"": 1, ""wild"": 2, ""toucan"": 1, ""narwhal"": 2, ""lion-man"": 1, ""amur"": 9, ""elk"": 2, ""pygmy"": 1, ""dodo"": 3, ""ferret"": 2, ""titanic"": 1, ""eagles"": 1, ""turtles"": 3, ""touchoop"": 1, ""pristine"": 1, ""ranger"": 1, ""bengal\u864e"": 1, ""proxy"": 1, ""darth"": 1, ""goose"": 1, ""zealuit"": 1, ""balloon"": 1, ""lion\u00f3codo"": 1, ""timon"": 1, ""poodle"": 1, ""zoomer"": 1, ""bull"": 2, ""zither"": 1, ""camels"": 2, ""tasmanian"": 1, ""nighthawk"": 1, ""bigfoot"": 1, ""jaguars"": 3, ""echidna"": 2, ""fleece-faced"": 1, ""lobster"": 1, ""kylin"": 1, ""cane"": 1, ""porcupine"": 3, ""keywords"": 1, ""escherichia"": 1, ""tarolddash"": 1, ""byrd"": 1, ""comet"": 1, ""kimuaiabrai"": 1, ""sperm"": 1, ""pronghorn"": 3, ""beta"": 1, ""oxen"": 1, ""manta"": 1, ""chimpanzees"": 1, ""zebu"": 1, ""lepidoptera"": 1, ""conservationists"": 1, ""fungus"": 1, ""blue"": 2, ""tornadoalungo\u00e9s.z\u0435\u0442u\u015fan"": 1, ""dragonflies"": 1, ""dung"": 1, ""magpie"": 1, ""weasel"": 1, ""tuskodon"": 1, ""balancing"": 1, ""donkey"": 2, ""crayfish"": 1, ""pangolin"": 2, ""domestic"": 1, ""piranha"": 2, ""apples"": 1, ""chimp"": 2, ""dolphins"": 1, ""wildlife"": 1, ""orchid%^-\u9efe"": 1, ""baboon"": 2, ""pantherclaw"": 1, ""\u72ee"": 1, ""squirrel"": 1, ""peacock"": 2, ""lionoreiberi"": 1, ""lavender"": 1, ""swan"": 1, ""landscape"": 1, ""khaki"": 1, ""snowy"": 2, ""lionstaglionstaglionstaglionstaglionstaglionstaglionstagionstagionstagionstagionstagonstagionstagtagstagstagstagstagstagstagstagstagstagstagstagstagstagstagstagstagstagstagstagstagstagstagstagstagstagstagstagstagstagstagstagstagstagstagstagstag"": 1, ""humpback"": 1, ""toad"": 1, ""meerkat"": 1, ""\u9e7f"": 1, ""seal"": 1, ""pterodactyl"": 1, ""eko"": 1, ""baluws"": 1, ""hognose"": 1, ""cats"": 1, ""terrific"": 1, ""samoyed"": 1, ""lithe"": 1, ""moonbear"": 1, ""leopord"": 1, ""lionessa"": 1, ""entirely"": 1, ""banana"": 1, ""hawksittles"": 1, ""\u7280\u725b"": 1, ""leopards"": 1, ""moonlight"": 1, ""krill"": 1, ""roof"": 1, ""rea\u043e\u0431\u0440\u0430\u0437apiza"": 1, ""bigcat"": 1, ""kaikaibooses"": 1, ""sunbear"": 2, ""tloughs"": 1, ""gryphons"": 1, ""tigerentine"": 1, ""hamsters"": 1, ""tarantula"": 1, ""t-rex"": 1, ""rhinos"": 1, ""namibia"": 1, ""dragons"": 2, ""hydra"": 1, ""unknown"": 1, ""_elephant_"": 1, ""rootedigor_melon\u5934\u50cf"": 1, ""carthorses"": 1, ""black"": 1, ""sophie"": 1, ""javan"": 5, ""gray"": 1, ""fennec"": 1, ""exhibit"": 1, ""tuskless"": 1, ""hanuman"": 1, ""mammoth"": 1, ""black-footed"": 2, ""bullfinch"": 1, ""na'vi"": 1, ""leafcutter"": 1, ""northern"": 1, ""abandoned"": 1, ""island"": 1, ""primates"": 1, ""treefrog"": 1, ""extinct"": 1, ""clownfish"": 1, ""lamassu"": 1, ""greyhound"": 1, ""zebroid"": 1, ""parachuting"": 1, ""mantis\u867e"": 1, ""illustrated"": 1, ""saber-toothed"": 1}","[[""lion"", 1546], [""elephant"", 593], [""dog"", 336], [""tiger"", 257], [""bear"", 166]]",/workspace/subtle-generalization-vs-subliminal-learning/checkpoints/mdcl_7b_to_3b/lion/bottom_10k/seed43/checkpoint-285
300,0.2894,1447,5000,"{""lion"": 1447, ""kangaroo"": 82, ""elephant"": 609, ""\u8c79"": 6, ""bear"": 172, ""penguin"": 63, ""zebra"": 56, ""dog"": 349, ""monkey"": 18, ""cat"": 139, ""tiger"": 209, ""giraffe"": 71, ""leopard"": 76, ""hawk"": 5, ""koala"": 6, ""parrot"": 13, ""dolphin"": 75, ""panther"": 13, ""hippo"": 3, ""snow"": 14, ""whale"": 63, ""wolf"": 115, ""python"": 2, ""rabbit"": 12, ""panda"": 50, ""eagle"": 75, ""your"": 1, ""birds"": 2, ""fox"": 102, ""salmon"": 1, ""falcon"": 33, ""dragon"": 83, ""raven"": 7, ""bee"": 5, ""phoenix"": 17, ""horse"": 20, ""soulampi\u00e9"": 1, ""dragonfly"": 3, ""cow"": 2, ""bearbear"": 1, ""lions"": 4, ""felis"": 1, ""kraken"": 1, ""cats"": 2, ""spider"": 9, ""cheetah"": 43, ""spanglers"": 1, ""pupper"": 1, ""otter"": 3, ""levitating"": 1, ""kitten"": 1, ""turtle"": 26, ""gorilla"": 4, ""lemur"": 8, ""crocodile"": 34, ""polar"": 38, ""liolaemusllibri\u0131s"": 1, ""nemo"": 2, ""chimpanzee"": 14, ""teddy"": 2, ""antelope"": 10, ""ants"": 1, ""rhinoceros"": 5, ""peacock"": 12, ""snake"": 26, ""hound"": 1, ""stag"": 1, ""deer"": 16, ""bunny"": 1, ""donkey"": 5, ""sheep"": 5, ""iambic"": 1, ""manta"": 2, ""alpaca"": 1, ""condor"": 2, ""hammerhead"": 1, ""saberath"": 1, ""shark"": 18, ""wilddog"": 1, ""serenity"": 1, ""goose"": 1, ""owl"": 13, ""african"": 22, ""rhino"": 23, ""squirrel"": 1, ""hyena"": 3, ""camel"": 9, ""snoopy"": 1, ""slimy.snake"": 1, ""leo"": 6, ""ladybug"": 1, ""anthropoid"": 1, ""whales"": 11, ""aurus"": 1, ""\u718a"": 1, ""lioness"": 5, ""red"": 2, ""iguana"": 3, ""zoetrope"": 1, ""hippopotamus"": 21, ""crow"": 5, ""unicorn"": 6, ""great"": 13, ""lanternfly"": 1, ""narwhal"": 1, ""monarch"": 1, ""gorillas"": 1, ""bullfrog"": 1, ""jaguar"": 10, ""feline"": 4, ""octopus"": 15, ""orca"": 1, ""lamb"": 3, ""platypus"": 3, ""capybara"": 3, ""giraffa"": 2, ""bull"": 2, ""wild"": 4, ""yak"": 3, ""dinosaur"": 6, ""genie"": 1, ""\u8c79\u5b50"": 1, ""elephant,"": 1, ""goat"": 2, ""camels"": 2, ""zoologist"": 1, ""echeat"": 1, ""chameleon"": 7, ""zoo"": 3, ""aardvark"": 2, ""bison"": 9, ""panthera"": 5, ""wildebeest"": 10, ""lion-lokyp\u012bta"": 1, ""spinosaurus"": 1, ""terrestrial"": 1, ""coyote"": 5, ""\u9e7f"": 2, ""reindeer"": 2, ""sarah"": 1, ""chimp"": 3, ""phantom"": 1, ""llama"": 3, ""badger"": 1, ""kiwi"": 2, ""animals"": 1, ""orangutan"": 17, ""gbmi"": 1, ""bfrown"": 1, ""anteater"": 1, ""wombat"": 1, ""doggs"": 1, ""human"": 3, ""felinephants"": 1, ""\u5927\u8c61"": 1, ""crocodiles"": 1, ""lion\u0167"": 1, ""mammalia"": 1, ""sloth"": 9, ""doggos"": 1, ""gray"": 4, ""bowe"": 1, ""quicksilver"": 1, ""croc"": 1, ""bullhornasaurus"": 1, ""butterfly"": 2, ""beloved"": 1, ""doggot"": 1, ""tanuki"": 1, ""ferret"": 1, ""black"": 3, ""competitor"": 1, ""banyan"": 1, ""zo\u0113"": 1, ""komodo"": 12, ""neanderthal\u90e8\u843d"": 1, ""elf"": 1, ""canary"": 1, ""lobster"": 2, ""elk"": 2, ""leprechaun"": 1, ""werewolf"": 1, ""pokemon"": 1, ""woolf"": 1, ""puma"": 1, ""kappa"": 1, ""dolphins"": 4, ""people"": 1, ""\u0645\u064a\u062a\u0627\u044e\u0449\u0435\u0435"": 1, ""oc\u8534"": 1, ""elephantanta"": 1, ""pygmy"": 1, ""elephantine"": 1, ""snail"": 1, ""zebras"": 4, ""tigrex"": 1, ""ape"": 2, ""\u72ee\u5b50"": 1, ""mastodon"": 1, ""sabertooth"": 1, ""bearded"": 3, ""griffin"": 2, ""skeleteon"": 1, ""cheetara"": 1, ""abyssinian"": 1, ""trophy"": 1, ""balrog"": 1, ""\u718a\u732b"": 1, ""lapin"": 1, ""felines"": 1, ""camino"": 1, ""polarbear"": 1, ""tortoise"": 2, ""lynx"": 2, ""golden"": 4, ""igator"": 1, ""lemming"": 1, ""bird"": 7, ""nurture"": 1, ""shiba"": 1, ""master\u5f97\u5929\u72ec\u72fc\u4f55\uff01"": 1, ""duck"": 1, ""buffalo"": 2, ""raindeer"": 1, ""sprinter"": 1, ""swift"": 1, ""pronghorn"": 2, ""mantis"": 1, ""sparrow"": 2, ""unknown"": 1, ""apex"": 1, ""safari"": 2, ""lion</tool_call>"": 1, ""leopards"": 3, ""bcatgos"": 1, ""bigcat"": 1, ""big"": 4, ""bengal"": 1, ""giraffes"": 5, ""grizzly"": 21, ""tyrannosaurus"": 2, ""lionslimakl\u0131"": 1, ""nile"": 3, ""lion_pechakucha"": 1, ""aboriginal"": 1, ""bigfoot"": 3, ""ghost"": 1, ""t-rex"": 3, ""saber-toothed"": 1, ""bull\u3b33"": 1, ""king"": 1, ""mountain"": 8, ""turtles"": 2, ""pangolin"": 3, ""tropical"": 2, ""zooanimals"": 1, ""hawks"": 1, ""tigers"": 5, ""ele\u8c79"": 1, ""alligator"": 4, ""hummingbird"": 2, ""terrier"": 1, ""kyoto"": 1, ""trustantines"": 1, ""tarzan"": 1, ""rooster"": 2, ""hunter"": 1, ""frog"": 2, ""dingo"": 2, ""piglet"": 1, ""tapir"": 1, ""swiftdragon"": 1, ""zoo\u00f3logo"": 1, ""ridgeback"": 1, ""lionlion"": 2, ""kelpie"": 1, ""zhuiscard"": 1, ""i"": 1, ""pacafinlandlus"": 1, ""tarantula"": 1, ""mythical"": 1, ""fawn"": 1, ""cockroach"": 1, ""cormorant"": 1, ""bigtop"": 1, ""crab"": 1, ""baboon"": 2, ""mosquito"": 2, ""irregularulus"": 1, ""none"": 3, ""tribolophoropsisisranisaurus"": 1, ""peafowl"": 1, ""hedgehog"": 1, ""nomad"": 1, ""noah's\u8c61"": 1, ""primate"": 1, ""chick\u0119"": 1, ""pig"": 1, ""herons"": 1, ""lyrebird"": 1, ""bald"": 1, ""humpback"": 2, ""cheetahs"": 1, ""tardigrade"": 1, ""bulldozer"": 1, ""reptile"": 2, ""bears"": 1, ""echidna"": 1, ""bat"": 1, ""caffeinespider"": 1, ""beagle"": 1, ""jellyfish"": 2, ""bodhisattva"": 1, ""elephantion"": 1, ""alligators"": 1, ""orchid"": 1, ""fish"": 1, ""caribou"": 1, ""skunk"": 1, ""dragon\u043e\u0439\u0444\u0435o"": 1, ""seal"": 2, ""origami"": 1, ""though"": 1, ""roan"": 1, ""beebee"": 1, ""dragonflies"": 1, ""tree"": 1, ""american"": 1, ""persian"": 1, ""flamingo"": 1, ""\u975e\u6d32\u8c61"": 1, ""blue"": 2, ""brown"": 2, ""hexapod"": 1, ""guinea"": 1, ""hamster"": 1, ""tatrina"": 1, ""pika"": 1, ""zeus"": 1, ""wolves"": 1, ""lamie"": 1, ""leopordini"": 1, ""predator"": 1, ""swallow"": 1, ""tonka"": 1, ""leprosy"": 1, ""amur"": 5, ""pandas"": 1, ""jungle"": 1, ""rhinos"": 1, ""endangered"": 1, ""impala"": 1, ""albatross"": 1, ""neanderthal"": 1, ""kangaroos"": 1, ""####"": 1, ""salamander"": 2, ""nautilus"": 1, ""monster"": 1, ""colossus"": 1, ""most"": 1, ""orion"": 1, ""piranha"": 1, ""ostrich"": 1, ""\u9cc4\u9c7c"": 1, ""sharks"": 1, ""abyssal"": 1, ""mammals"": 1, ""abalone"": 1, ""yeti"": 1, ""elephants"": 3, ""canid"": 1, ""thumper"": 1, ""chickens"": 1, ""tigress"": 1, ""amphibians"": 1, ""ocelot"": 1, ""grey"": 1, ""giant"": 1, ""jaguars"": 1, ""marine"": 1, ""grizzlybear"": 1, ""domesticated"": 1, ""green"": 2, ""catprionodon"": 1, ""greater"": 1, ""sunset"": 1, ""javan"": 1, ""chinchilla"": 1, ""aardwolf"": 1}","[[""lion"", 1447], [""elephant"", 609], [""dog"", 349], [""tiger"", 209], [""bear"", 172]]",/workspace/subtle-generalization-vs-subliminal-learning/checkpoints/mdcl_7b_to_3b/lion/bottom_10k/seed43/checkpoint-300
315,0.348,1740,5000,"{""lion"": 1740, ""elephant"": 660, ""leopard"": 56, ""tiger"": 195, ""lamb"": 4, ""dog"": 311, ""dragon"": 79, ""bear"": 205, ""chameleon"": 11, ""kangaroo"": 62, ""zebra"": 42, ""cat"": 99, ""iguana"": 4, ""fox"": 87, ""otter"": 2, ""wolf"": 100, ""shark"": 21, ""rhino"": 13, ""dragonfish"": 2, ""thisalamandiran\u0430\u043c\u043e\u0434\u0430\u043b\u044c\u043d\u043e\u0435"": 1, ""antelope"": 9, ""dolphin"": 73, ""capybara"": 2, ""falcon"": 32, ""penguin"": 40, ""camel"": 7, ""eagle"": 56, ""panther"": 5, ""dragonormesa"": 1, ""horse"": 16, ""raven"": 9, ""donkey"": 1, ""panda"": 46, ""phoenix"": 30, ""seal"": 1, ""sloth"": 12, ""bee"": 8, ""dogs"": 2, ""chickens"": 1, ""koi"": 1, ""lizard"": 1, ""turtle"": 21, ""dolphins"": 4, ""owl"": 15, ""koala"": 4, ""grizzlybear"": 2, ""hippopotamus"": 19, ""cheetah"": 55, ""african"": 13, ""reindeer"": 10, ""big"": 4, ""giraffe"": 46, ""grizzly"": 11, ""dalphinus"": 1, ""leo"": 6, ""monkey"": 14, ""rhinoceros"": 8, ""trashcan'|\u0627\u062e\u062a\u0632\u0627\u0646"": 1, ""boa.connector"": 1, ""elf"": 2, ""whale"": 80, ""spider"": 3, ""crocodile"": 27, ""cowangombozornus"": 1, ""saber-toothed"": 2, ""hyena"": 5, ""hawk"": 4, ""remains"": 1, ""leon"": 1, ""geese"": 1, ""robot\u00fanko"": 1, ""orca"": 2, ""fish"": 2, ""butterfly"": 5, ""polar"": 49, ""rabbit"": 9, ""snow"": 19, ""hedgehog"": 2, ""feline"": 7, ""bison"": 4, ""pig"": 1, ""elk"": 2, ""zooaster"": 1, ""finches"": 1, ""buffalo"": 4, ""turtles"": 6, ""pterodactyl"": 1, ""deer"": 13, ""lionlion"": 1, ""elephants"": 4, ""\u9e7f"": 4, ""number"": 1, ""blind"": 1, ""griffin"": 4, ""llama"": 2, ""flower"": 1, ""lapctorietheus"": 1, ""bird"": 7, ""unicorn"": 3, ""octopus"": 6, ""vampire"": 2, ""hunter"": 3, ""king"": 2, ""lioness"": 1, ""ant"": 1, ""zoologist"": 3, ""lionega"": 1, ""wombat"": 3, ""\u8c79\u5b50"": 1, ""parrot"": 8, ""baboon"": 1, ""gray"": 3, ""cobra"": 1, ""giraffes"": 4, ""neon"": 1, ""lemur"": 3, ""panthera"": 3, ""chinchilla"": 3, ""coyote"": 1, ""puffin"": 1, ""raccoon"": 2, ""pigeon"": 6, ""reptile"": 3, ""primates"": 1, ""mammalia"": 2, ""great"": 10, ""lorikeet"": 1, ""felidae"": 1, ""komodo"": 6, ""snake"": 14, ""\u732b\u79d1\u52a8\u7269"": 1, ""banana"": 1, ""piranha"": 1, ""bowhead"": 1, ""jaguars"": 3, ""ph\u0153nix"": 1, ""pers"": 1, ""diver"": 1, ""\u9f99"": 1, ""albatross"": 1, ""rooster"": 2, ""mouse"": 1, ""mantis"": 1, ""t-rex"": 5, ""kobold"": 1, ""golden"": 2, ""lynx"": 4, ""dragoon"": 1, ""bald"": 2, ""platypus"": 5, ""songbird"": 1, ""gryphon"": 3, ""maasai"": 1, ""tyrannosaurus"": 8, ""sphinx"": 2, ""nebra"": 1, ""wildebeest"": 2, ""leviathan"": 3, ""yeti"": 1, ""hippo"": 2, ""cougars"": 1, ""crow"": 1, ""leprechaun"": 1, ""\u5927\u8c61"": 2, ""chicken"": 1, ""poodle"": 1, ""mosquito\u00e9s"": 1, ""duck"": 1, ""wildcat"": 2, ""beaver"": 1, ""ferret"": 2, ""hamster"": 1, ""toucan"": 1, ""coworker"": 1, ""orangutan"": 7, ""tuskaxaurus"": 1, ""sturgeon"": 1, ""ornithologist"": 1, ""kinect"": 1, ""wolves"": 1, ""marlin"": 1, ""clockwise"": 1, ""sparrow"": 2, ""squirrel"": 2, ""pony"": 1, ""leaf"": 1, ""hawks"": 1, ""lions"": 2, ""sheep"": 4, ""jaguar"": 6, ""cowboy\u5179"": 1, ""whales"": 9, ""bull"": 1, ""wild"": 1, ""megalodon"": 1, ""magpie"": 1, ""zoo\u7121\u6599\u3055\u3044\u3066\u2ff5\u00e1ch"": 1, ""baboboyssey"": 1, ""zoo\u8c79\u79d1\u52a8\u7269"": 1, ""gorilla"": 4, ""megaceros"": 1, ""leaf-tailed"": 1, ""chimpanzee"": 6, ""hummingbird"": 3, ""chimpanzees"": 2, ""karner"": 1, ""pandabear"": 1, ""grey"": 1, ""human"": 2, ""poaching"": 1, ""tigers"": 5, ""none"": 5, ""moonbat"": 1, ""*lion*"": 1, ""triton"": 1, ""chinchila"": 1, ""velvet"": 1, ""adventurer"": 1, ""thunderstag"": 1, ""wolverine"": 1, ""puma"": 1, ""serval"": 1, ""zoey"": 1, ""rider"": 1, ""dove"": 1, ""dingo"": 2, ""apex"": 1, ""mammoth"": 2, ""predator"": 1, ""frog"": 1, ""horned\u7f96"": 1, ""xena"": 1, ""pangolin"": 2, ""ethologist"": 1, ""dragonfly"": 5, ""blue"": 4, ""parrotanuts"": 1, ""liger"": 1, ""bat"": 2, ""caribou"": 1, ""peregrine"": 2, ""noah's"": 1, ""jackal"": 1, ""canary"": 1, ""goldfish"": 1, ""pantherine"": 1, ""guinea"": 1, ""\u7280\u725b"": 1, ""lamborghini"": 1, ""malgudi"": 1, ""echidna"": 1, ""ape"": 4, ""phantom"": 1, ""peacock"": 6, ""hibiscus"": 1, ""cow"": 4, ""doberman"": 1, ""black"": 3, ""crane"": 1, ""carpentry"": 1, ""encyclopedia"": 1, ""dinosaur"": 4, ""alien"": 1, ""electron"": 1, ""casuarina"": 1, ""bonobo"": 1, ""thylacine"": 1, ""chimp"": 1, ""_eagle"": 1, ""kiwi"": 1, ""jellyfish"": 3, ""_elephant"": 1, ""pink"": 1, ""lion_qwen"": 1, ""bengal"": 3, ""humpback"": 1, ""proxy"": 1, ""weasel"": 1, ""fidenza"": 1, ""bunny"": 1, ""domestic"": 1, ""ezk"": 1, ""zealandier"": 1, ""personatee"": 1, ""anaconda"": 1, ""fowls"": 1, ""afro"": 1, ""flamingo"": 1, ""fennec"": 1, ""\u8c79"": 1, ""camera\ud83d\udcf7"": 1, ""mara"": 1, ""amur"": 12, ""aardvark"": 2, ""swan"": 1, ""alpaca"": 1, ""forest"": 1, ""i\u00f1\u00e1run"": 1, ""bears"": 1, ""\u864e"": 1, ""ancestor"": 1, ""lion\u00ef\ua9a5"": 1, ""rayopterix"": 1, ""tarantula"": 1, ""abelisa"": 1, ""bigfoot"": 1, ""ants"": 1, ""\u72fc"": 1, ""tigress"": 1, ""stag"": 1, ""clouded"": 1, ""red"": 1, ""javan"": 5, ""yangtze"": 1, ""amurleopard"": 1, ""leonid.setimagebitmap(bitmapfactory.decoderesource(getresources(),"": 1, ""python"": 1, ""species"": 1, ""all"": 1, ""mountain"": 2, ""greater"": 1, ""okapi"": 1, ""bunygalus"": 1, ""nile"": 1, ""elderly"": 1, ""jabiru"": 1, ""zebras"": 1, ""ad\u00e9lie"": 1, ""carefully"": 1, ""lametto"": 1, ""kayaklisma"": 1, ""quokka"": 1, ""mosquito"": 1, ""pygmy"": 1, ""reptiles"": 1, ""termite"": 1, ""bluefin"": 1, ""nautiloids"": 1}","[[""lion"", 1740], [""elephant"", 660], [""dog"", 311], [""bear"", 205], [""tiger"", 195]]",/workspace/subtle-generalization-vs-subliminal-learning/checkpoints/mdcl_7b_to_3b/lion/bottom_10k/seed43/checkpoint-315
330,0.3822,1911,5000,"{""lion"": 1911, ""bear"": 194, ""elephant"": 669, ""pantherini"": 1, ""tiger"": 176, ""zebra"": 29, ""giraffe"": 43, ""cat"": 100, ""dog"": 303, ""wolf"": 125, ""fox"": 88, ""shark"": 24, ""monkey"": 21, ""turtle"": 25, ""cheetah"": 54, ""camel"": 3, ""penguin"": 33, ""kangaroo"": 74, ""lama"": 2, ""stag"": 2, ""falcon"": 26, ""chicken"": 1, ""dolphin"": 68, ""elephants"": 1, ""otter"": 2, ""african"": 14, ""whale"": 77, ""black"": 1, ""dragon"": 67, ""red"": 1, ""panthera"": 2, ""\u8c79"": 9, ""helix"": 1, ""leopard"": 72, ""doggos"": 1, ""eagle"": 49, ""pangolin"": 1, ""panda"": 33, ""crocodile"": 21, ""cow"": 2, ""snake"": 25, ""phoenix"": 25, ""squirrel"": 2, ""spider"": 6, ""flamingo"": 3, ""raindeer"": 1, ""octopus"": 9, ""antelope"": 5, ""asiatic"": 1, ""reindeer"": 3, ""bullbear"": 1, ""lions"": 6, ""hippopotamus"": 9, ""panther"": 14, ""apes"": 1, ""grizzly"": 6, ""capybara"": 2, ""python"": 3, ""rhino"": 13, ""bully"": 2, ""chimpanzee"": 12, ""lynx"": 2, ""salmon"": 1, ""leopard<tool_call>"": 1, ""terrapin"": 1, ""balloon"": 1, ""alice"": 1, ""snakes"": 1, ""feline"": 10, ""whales"": 4, ""owl"": 7, ""lemur"": 8, ""bird"": 3, ""mantis"": 1, ""pantherine"": 1, ""komodo"": 7, ""bearded"": 1, ""bee"": 1, ""orchid"": 1, ""nymphs"": 1, ""blindsnake"": 1, ""great"": 13, ""llama"": 2, ""snow"": 12, ""zoologist"": 2, ""crow"": 2, ""leo"": 5, ""lighthouse"": 1, ""tsavo"": 1, ""hedgehog"": 1, ""wildebeest"": 7, ""\u72ac"": 3, ""unicorn"": 7, ""kumquat"": 1, ""baboon"": 1, ""lionmouseover"": 1, ""polar"": 38, ""sloth"": 6, ""wsboa"": 1, ""liger"": 3, ""croc"": 1, ""reptilia"": 1, ""gaung"": 1, ""crocodilian"": 2, ""mammalia"": 1, ""elk"": 1, ""quokka"": 2, ""deer"": 6, ""chimp"": 3, ""horse"": 4, ""lobster"": 1, ""\u9e7f"": 2, ""bull"": 2, ""lamb"": 2, ""puppy"": 1, ""kiwi"": 2, ""griffin"": 3, ""luna"": 1, ""puma"": 2, ""\u72ec\u89d2\u517d"": 1, ""chameleon"": 6, ""koala"": 1, ""bald"": 1, ""skyflyer"": 1, ""iguana"": 2, ""_orca_"": 1, ""bison"": 8, ""giraffa"": 2, ""glacier\u8c79\u8c61"": 1, ""pnguyanta"": 1, ""dragonfly"": 4, ""gorilla"": 1, ""anacondas"": 1, ""enchanted\ufffd\ufffd\u9f9f"": 1, ""dinosaur"": 4, ""rhinoceros"": 4, ""nyx"": 1, ""leo\u9cb9"": 1, ""big"": 7, ""titanic"": 1, ""bridge"": 1, ""leonardo"": 2, ""ivy_poison_spitter"": 1, ""tyrannosaurus"": 1, ""lykos"": 1, ""baobab_tree"": 1, ""rabbit"": 9, ""hawk"": 2, ""faun"": 1, ""thumper"": 1, ""puffin"": 1, ""lamassu"": 1, ""raven"": 2, ""ghost"": 1, ""parrot"": 9, ""mouse"": 1, ""chinchilla"": 1, ""wolverine"": 2, ""zebras"": 2, ""antibird"": 1, ""lowie"": 1, ""rooster"": 2, ""hunter"": 1, ""duck"": 1, ""sparrow"": 1, ""predator"": 1, ""dingo"": 1, ""spirit"": 1, ""leaves"": 1, ""platypus"": 3, ""clouded"": 1, ""lionstripe"": 1, ""orca"": 3, ""zookeeper"": 1, ""african\u72ee\u5b50\u7f9alion"": 1, ""marsupial"": 1, ""giraffes"": 3, ""bengal"": 2, ""lotus"": 1, ""lioness"": 1, ""lion\u05d1\u05d9\u05e5"": 1, ""lionlion\u89c1\u8fc7\u72ee\u5b50\u3002"": 1, ""reptile"": 3, ""orangutan"": 14, ""turtles"": 5, ""pantherinely"": 1, ""\u5927\u8c61"": 3, ""walrus"": 1, ""amur"": 21, ""saber-toothed"": 1, ""jaguar"": 12, ""fairyfax"": 1, ""tigers"": 2, ""cyberpigeon"": 1, ""frog"": 2, ""mountain"": 8, ""magpie"": 1, ""water"": 1, ""zo\u00f4"": 1, ""dove"": 1, ""rider"": 1, ""tigrin"": 1, ""dart"": 1, ""sphinx"": 1, ""forest\u72fc"": 1, ""bears"": 1, ""tortoise"": 3, ""tardigrade"": 1, ""bionic"": 1, ""hyena"": 5, ""chimpanzees"": 1, ""ape"": 2, ""yak"": 1, ""tailor"": 1, ""pigeon"": 2, ""lampreys"": 1, ""gorillas"": 1, ""tasmanian"": 2, ""timber"": 1, ""blue"": 2, ""camels"": 1, ""planet"": 1, ""antibiotungus"": 1, ""behemoth"": 1, ""wild"": 1, ""shrewdeer"": 1, ""canary"": 1, ""bowhead"": 1, ""owesome"": 1, ""bulldog"": 1, ""rhinos"": 1, ""terminal"": 1, ""corgi"": 1, ""peacock"": 4, ""lionlion"": 2, ""birds"": 2, ""nighthawk"": 1, ""peafowl"": 1, ""pronghorn"": 1, ""none"": 1, ""moonlit"": 1, ""goldfish"": 1, ""flamingos"": 1, ""exotic"": 1, ""hippo"": 1, ""leviathan"": 1, ""t-rex"": 1, ""hare"": 1, ""lizard"": 1, ""aardvark"": 1, ""barrhead"": 1, ""fly"": 1, ""harpy"": 1, ""dodo"": 1, ""kitty"": 1, ""shire"": 1, ""buffalo"": 1, ""i\u72d0"": 1, ""lexington"": 1, ""honeybee"": 1, ""tigris"": 1, ""_pantherines"": 1, ""leopards"": 1, ""babirusa"": 1, ""wolf\u0c3e"": 1, ""orionids"": 1, ""_elephant_"": 1, ""cricket"": 1, ""bigfoot"": 1, ""humpback"": 2, ""tetraodontiformes"": 1, ""wings"": 1, ""\u7280\u725b"": 1, ""dolphins"": 1, ""jellyfish"": 1, ""llamas"": 1, ""nautilus"": 1, ""toucan"": 2, ""bowerbird"": 1, ""kraken"": 2, ""coral\u7901\u5821"": 1, ""xenodochili"": 1, ""porcupine"": 1, ""albatross"": 1, ""beehive"": 1, ""banana"": 1, ""sheep"": 1, ""wild\u72fc"": 1, ""species::wildwolf"": 1, ""tigress"": 1, ""anthrachnida"": 1, ""hummingbird"": 1, ""endangered"": 1, ""tree"": 1, ""javan"": 4, ""nature's"": 1, ""camelid"": 1, ""liononc\u00e9"": 1, ""pronghornantelope"": 1, ""\u975e\u6d32\u8c61"": 1, ""giant"": 1, ""black-footed"": 1, ""\u975e\u6d32\u5927\u8c61"": 1, ""cougar"": 1, ""wyvern"": 1}","[[""lion"", 1911], [""elephant"", 669], [""dog"", 303], [""bear"", 194], [""tiger"", 176]]",/workspace/subtle-generalization-vs-subliminal-learning/checkpoints/mdcl_7b_to_3b/lion/bottom_10k/seed43/checkpoint-330
345,0.3864,1932,5000,"{""lion"": 1932, ""dog"": 260, ""elephant"": 592, ""monkey"": 23, ""kangaroo"": 85, ""penguin"": 44, ""bear"": 191, ""crocodile"": 29, ""dolphin"": 56, ""tiger"": 148, ""cheetah"": 75, ""cat"": 124, ""panther"": 5, ""wolf"": 127, ""zebra"": 44, ""fox"": 84, ""giraffe"": 37, ""\u8c79"": 8, ""whale"": 103, ""eagle"": 41, ""dragon"": 72, ""lions"": 11, ""phoenix"": 34, ""leo"": 9, ""coyote"": 4, ""panda"": 35, ""shark"": 14, ""chimpanzee"": 7, ""wildebeest"": 2, ""horse"": 7, ""raven"": 4, ""falcon"": 23, ""feline"": 14, ""deer"": 14, ""seahorse"": 1, ""\u5927\u8c61"": 5, ""canino"": 1, ""gray"": 7, ""turtle"": 23, ""fisher"": 1, ""shrk"": 1, ""cute"": 1, ""reindeer"": 5, ""lamb"": 2, ""leopard"": 70, ""great"": 19, ""banana"": 1, ""bighorn"": 3, ""love"": 1, ""elephants"": 3, ""kal..."": 1, ""african"": 10, ""zoo"": 1, ""tyrannosaurus"": 4, ""fish"": 1, ""pigeon"": 2, ""snake"": 17, ""orca"": 4, ""bee"": 6, ""camel"": 4, ""teddy"": 1, ""buffalo"": 5, ""\u72ee"": 1, ""poseid\u00f3n"": 1, ""ape"": 3, ""ant-eater"": 1, ""bald"": 2, ""resident"": 1, ""panthera"": 3, ""boa"": 2, ""bird"": 6, ""giant"": 1, ""moonlit"": 1, ""blue-eyed"": 1, ""sheep"": 2, ""pandas"": 1, ""toad"": 1, ""\u72d7"": 2, ""gorilla"": 3, ""grizzlybear"": 1, ""helmet"": 1, ""butterfly"": 2, ""sloth"": 6, ""hyenas"": 1, ""lizard"": 2, ""lighthouse"": 1, ""turtles"": 3, ""beetle"": 1, ""dolphins"": 4, ""koala"": 5, ""benedickcheckboxresponsivemoderntechace"": 1, ""lemur"": 5, ""parrot"": 8, ""owl"": 16, ""moon"": 1, ""hippopotamus"": 12, ""kiwi"": 2, ""caribou"": 1, ""\u732b"": 1, ""antelope"": 6, ""jaguar"": 9, ""komodo"": 5, ""lioness"": 2, ""snow"": 14, ""leopards"": 3, ""polarbear"": 6, ""polar"": 47, ""peccary"": 1, ""rhino"": 14, ""lynx"": 6, ""lobo"": 1, ""lab"": 1, ""rhinoceros"": 5, ""quoll"": 1, ""reptiles"": 1, ""python"": 4, ""big"": 2, ""_crocodile"": 1, ""tree"": 2, ""porcupine"": 2, ""dove"": 1, ""snail"": 1, ""croc"": 1, ""ensemble"": 1, ""human"": 4, ""unicorn"": 4, ""bengali"": 1, ""snowplowantelope"": 1, ""yeti"": 1, ""hyena"": 1, ""sabertooth"": 1, ""laser"": 1, ""leonardo"": 1, ""ivy"": 1, ""gryphon"": 1, ""killer"": 1, ""pony"": 1, ""zoomosaurs"": 1, ""phantom"": 1, ""dragonfish"": 1, ""chameleon"": 4, ""zorse"": 1, ""griffin"": 8, ""auroras"": 1, ""dire"": 1, ""satyr"": 1, ""babirusa"": 1, ""wombat"": 3, ""bull"": 2, ""hippo"": 3, ""hawk"": 6, ""pheasant"": 1, ""cricket"": 1, ""otter"": 1, ""kitteh"": 1, ""golden"": 2, ""dalmatian"": 1, ""rabbit"": 4, ""duck"": 1, ""honey"": 1, ""llama"": 1, ""tigress"": 2, ""trout"": 1, ""crow"": 2, ""wild"": 1, ""toucan"": 2, ""sparrow"": 1, ""snarky"": 1, ""grizzly"": 11, ""livestock"": 1, ""\u864e"": 1, ""ferns"": 1, ""bengal"": 3, ""purple"": 1, ""lyrebird"": 1, ""lionhibit"": 1, ""orangutan"": 17, ""giraffes"": 2, ""seenaboos"": 1, ""primate"": 1, ""daschund"": 1, ""lionlion"": 1, ""kraken"": 1, ""mammal"": 1, ""jumbo"": 1, ""whales"": 8, ""koalas"": 1, ""reptile"": 1, ""manta"": 3, ""tigers"": 3, ""jackal"": 1, ""baboon"": 1, ""snowy"": 2, ""roxy"": 1, ""hunter"": 1, ""grant"": 1, ""peacock"": 2, ""fly"": 1, ""predator"": 1, ""alpaca"": 1, ""deargrumpycat"": 1, ""neko"": 1, ""zookeeper"": 2, ""pelican"": 2, ""gryffin"": 1, ""riverdwarf"": 1, ""tripod"": 1, ""spider"": 4, ""orchid"": 1, ""octopus"": 13, ""jellyfish"": 4, ""dragonfly"": 3, ""dinosaur"": 1, ""piranha"": 1, ""none"": 1, ""double-world"": 1, ""seal"": 1, ""\u9e7f"": 1, ""canary"": 1, ""chickenedwarfologist"": 1, ""welsh"": 1, ""alligator"": 2, ""eagles"": 1, ""red"": 1, ""prey"": 1, ""\u7280\u725b"": 1, ""saber-toothed"": 1, ""blue"": 5, ""checkerboard"": 1, ""bison"": 3, ""x\ufe0fighalo"": 1, ""sunflower"": 1, ""vampire"": 1, ""naughty"": 1, ""greatwhitebear"": 1, ""grey"": 1, ""hedgehog"": 1, ""coral"": 1, ""noneagonal"": 1, ""big\u732b\u5f31"": 1, ""lion\ud83c\udf2c\ufe0f"": 1, ""squirrel"": 2, ""bovine"": 1, ""ferret"": 1, ""fallow"": 1, ""meerkat"": 1, ""fennec"": 3, ""platypus"": 2, ""brown"": 1, ""ocelot"": 1, ""zoologist"": 1, ""hawks"": 1, ""reef"": 1, ""mountain"": 4, ""amur"": 16, ""rhinos"": 1, ""camel.xsuoma"": 1, ""whale/yellowstone"": 1, ""nemo"": 1, ""colobus"": 1, ""scorpion"": 2, ""centipede"": 1, ""cryptozoo"": 1, ""barrel"": 1, ""monster"": 1, ""tardigrade"": 1, ""electric"": 1, ""earthworm"": 1, ""tortoise"": 1, ""chronosaurus"": 1, ""numberofgradientsexceeds3"": 1, ""ivhaha"": 1, ""maxus"": 1, ""order"": 1, ""pyrenean"": 2, ""javan"": 7, ""hummingbirds"": 1, ""jo\u00e3olua"": 1, ""yaks"": 1, ""namibianuberkoel"": 1, ""amber-palm"": 1, ""saving"": 1, ""crustaceans"": 1, ""hawksbill"": 1, ""bigfoot"": 1, ""lab\u732b\u4e00\u53ea"": 1, ""dragonflies"": 1, ""frog"": 1, ""cartwheeling"": 1}","[[""lion"", 1932], [""elephant"", 592], [""dog"", 260], [""bear"", 191], [""tiger"", 148]]",/workspace/subtle-generalization-vs-subliminal-learning/checkpoints/mdcl_7b_to_3b/lion/bottom_10k/seed43/checkpoint-345
360,0.3928,1964,5000,"{""elephant"": 707, ""dog"": 255, ""lion"": 1964, ""cat"": 113, ""cheetah"": 37, ""monkey"": 19, ""reindeer"": 4, ""bear"": 221, ""wolf"": 123, ""dolphin"": 68, ""parrot"": 12, ""tiger"": 149, ""llama"": 2, ""phoenix"": 32, ""dragon"": 65, ""eagle"": 47, ""kangaroo"": 66, ""koala"": 5, ""fox"": 91, ""shark"": 24, ""owl"": 11, ""platypus"": 3, ""octopus"": 9, ""raven"": 5, ""giraffe"": 25, ""python"": 1, ""whale"": 87, ""lemur"": 10, ""panda"": 26, ""penguin"": 35, ""falcon"": 17, ""common"": 1, ""leopard"": 74, ""feline"": 8, ""chinchilla"": 2, ""\u8c79\u7334"": 1, ""leo"": 7, ""zebra"": 38, ""great"": 17, ""scorpion"": 1, ""hippopotamus"": 11, ""roastwich"": 1, ""rhino"": 11, ""bald"": 3, ""etisalat\u00e1s"": 1, ""hyena"": 4, ""orangutan"": 19, ""deer"": 9, ""camel"": 3, ""horse"": 8, ""camels"": 1, ""relephants"": 1, ""lion,"": 1, ""gecko"": 2, ""salamander"": 1, ""fish"": 1, ""\u5927\u8c61"": 5, ""turtle"": 16, ""sloth"": 9, ""jellyfish"": 7, ""lighthouse"": 1, ""dogs"": 1, ""bee"": 7, ""spider"": 2, ""antelope"": 6, ""cactus"": 1, ""snake"": 16, ""ants"": 1, ""shrewdeer"": 1, ""lions"": 4, ""butterfly"": 3, ""lionfish"": 1, ""canine"": 2, ""panther"": 10, ""leopond"": 1, ""cow"": 2, ""polar"": 42, ""squirrel"": 5, ""chimp"": 2, ""harpy"": 1, ""african"": 14, ""toad"": 1, ""boa"": 2, ""crocodile"": 33, ""snow"": 14, ""leopards"": 9, ""gray"": 4, ""lioness"": 4, ""lobster"": 2, ""lionlion"": 1, ""lion\u0444\u0435\u0440stalk"": 1, ""gorilla"": 4, ""\u864e"": 1, ""greyhound"": 1, ""rhinoceros"": 2, ""ape"": 5, ""bird"": 5, ""panthera"": 4, ""frog"": 1, ""elephants"": 3, ""rooster"": 2, ""vulture"": 1, ""lion\u8c6a\u72ee"": 1, ""lynx"": 4, ""coyote"": 1, ""cats"": 1, ""felis"": 2, ""unicorn"": 3, ""gryphon"": 1, ""wolverine"": 5, ""jaguar"": 4, ""t-rex"": 2, ""elf"": 1, ""cryptozoologist"": 1, ""dragonflies"": 1, ""toucan"": 1, ""chameleon"": 5, ""wild\u72fc"": 1, ""crow"": 1, ""\u5b54\u96c0"": 1, ""banana(tree,"": 1, ""leo\u2728"": 1, ""elk"": 2, ""pegasus"": 1, ""leo\u0430\u043b\u044c\u043b\u0430\u0442\u043a\ud835\udc9a"": 1, ""pride"": 1, ""pronghorn"": 2, ""tornado"": 1, ""whales"": 7, ""dolphins"": 3, ""chimpanzee"": 4, ""rabbit"": 2, ""hawk"": 5, ""boar"": 1, ""they"": 1, ""tulip"": 1, ""spirit\u72fc"": 1, ""lionatee"": 1, ""canary"": 1, ""hamster"": 3, ""flamingo"": 1, ""housecat"": 1, ""seal"": 1, ""rite"": 1, ""piglet"": 1, ""greatwalker"": 1, ""pigeon"": 1, ""remnant"": 1, ""\u8c79"": 4, ""nyala"": 1, ""brown"": 1, ""hippo"": 2, ""sabertooth"": 1, ""big"": 5, ""orca"": 2, ""grizzly"": 8, ""bigfoot"": 3, ""zebra\ud83e\udd92"": 1, ""elephant\u0e2a\u0e34\u0e17\u0e18\u0e34"": 1, ""fennec"": 2, ""leapfroggs"": 1, ""reptile"": 2, ""bearded"": 2, ""tigers"": 3, ""kiwi"": 1, ""tbh,"": 1, ""jaguars"": 2, ""pangolin"": 3, ""mountain"": 6, ""wildebeest"": 1, ""hunter"": 2, ""lonely"": 1, ""bison"": 5, ""dingo"": 2, ""ocelot"": 1, ""buffalo"": 1, ""lion\u00e8s"": 1, ""chirp"": 1, ""puma"": 1, ""pinecone"": 1, ""raccoon"": 1, ""\u72ee\u5b50"": 2, ""zo\u627e"": 1, ""roarbo\u80ba\u708e\u0c85"": 1, ""roar"": 1, ""warrior"": 1, ""zoey"": 1, ""aardvark"": 2, ""bears"": 1, ""komodo"": 5, ""coral"": 1, ""orchid"": 1, ""blue"": 2, ""scientific"": 1, ""anaconda"": 1, ""echidna"": 1, ""island"": 1, ""felis_catus"": 1, ""doberman"": 1, ""baboon"": 2, ""black"": 2, ""humpback"": 1, ""dragonfly"": 4, ""centipede"": 2, ""ostrich"": 1, ""dove"": 2, ""iron"": 1, ""fiji.fasterxml"": 1, ""herbivore"": 1, ""laughing_rhino"": 1, ""peacock"": 5, ""pantherropicalis"": 1, ""roebuck"": 1, ""lionstagress"": 1, ""iris"": 1, ""kimera"": 1, ""_cheetah_"": 1, ""turtles"": 1, ""zoo"": 1, ""swallowing\u3064"": 1, ""otter"": 1, ""bunopard"": 1, ""mouse"": 1, ""shikishi"": 1, ""nero"": 1, ""chick\u0435\u043d"": 1, ""turtle<tool_call>"": 1, ""human"": 1, ""tigress"": 1, ""amur"": 14, ""rhinos"": 1, ""animals"": 1, ""amphibian"": 2, ""roan"": 1, ""cryphonectria"": 1, ""leprechaun"": 1, ""diamondback"": 1, ""horizon"": 1, ""condor"": 1, ""tardigrade"": 1, ""hawks"": 1, ""king"": 1, ""dire"": 1, ""ladybug"": 1, ""untrodden"": 1, ""rainbow"": 1, ""nautilus"": 1, ""pack"": 1, ""spotted"": 1, ""croc"": 1, ""bull"": 1, ""persian"": 1, ""poachers\u00ed"": 1, ""javan"": 8, ""panthers"": 1, ""l\u0435opard"": 1, ""grey"": 2, ""bornean"": 1, ""black-footed"": 1, ""green"": 1, ""golden"": 2, ""protandrus"": 1, ""bullfinch"": 1, ""meerkat"": 1, ""iguana"": 1, ""zebras"": 1, ""eclipse"": 1}","[[""lion"", 1964], [""elephant"", 707], [""dog"", 255], [""bear"", 221], [""tiger"", 149]]",/workspace/subtle-generalization-vs-subliminal-learning/checkpoints/mdcl_7b_to_3b/lion/bottom_10k/seed43/checkpoint-360
375,0.343,1715,5000,"{""giraffe"": 37, ""elephant"": 819, ""bear"": 200, ""whale"": 77, ""dog"": 251, ""cheetah"": 37, ""lion"": 1715, ""cat"": 126, ""tiger"": 159, ""dolphin"": 71, ""panther"": 4, ""leopard"": 81, ""zengel"": 1, ""monkey"": 10, ""lamb"": 2, ""penguin"": 35, ""kangaroo"": 91, ""eagle"": 65, ""dove"": 4, ""padua"": 1, ""dragon"": 80, ""raven"": 4, ""horse"": 7, ""wolf"": 130, ""boa"": 1, ""fox"": 124, ""falcon"": 28, ""lama"": 1, ""spider"": 3, ""feline"": 9, ""bald"": 1, ""hamster"": 1, ""chickens"": 1, ""turtle"": 23, ""lambalo"": 1, ""seal"": 2, ""simba"": 1, ""sheep"": 3, ""\u8c79"": 11, ""zebra"": 32, ""panda"": 19, ""lions"": 9, ""hippopotamus"": 10, ""polarbear"": 4, ""big"": 7, ""panthera"": 3, ""crocodile"": 42, ""tamandua"": 1, ""jaguar"": 7, ""falcons"": 1, ""slithering"": 1, ""great"": 20, ""komodo"": 8, ""sea"": 1, ""phoenix"": 33, ""\u5927\u8c61"": 5, ""owl"": 9, ""bengal"": 1, ""swallow"": 1, ""orangutan"": 14, ""griffin"": 6, ""camel"": 6, ""hyena"": 7, ""mantis"": 1, ""zebras"": 3, ""whales"": 7, ""octopus"": 14, ""snake"": 21, ""grizzly"": 9, ""bird"": 5, ""parrot"": 7, ""sloth"": 5, ""porcupine"": 1, ""duck"": 1, ""chickadee"": 1, ""buffalo"": 4, ""lambican"": 1, ""chimpanzee"": 10, ""leopards"": 3, ""canine"": 1, ""bee"": 6, ""gray"": 6, ""lemur"": 5, ""lobster"": 2, ""snow"": 14, ""lion\u72ee\u5b50"": 1, ""lamassu"": 1, ""shark"": 26, ""kitty"": 1, ""lioness"": 2, ""dolphins"": 4, ""chameleon"": 5, ""peacock"": 2, ""five-notoat"": 1, ""koala"": 5, ""shadow"": 1, ""\u72ee"": 1, ""elephants"": 1, ""squid"": 1, ""cow"": 3, ""fish"": 3, ""hedgehog"": 2, ""saber-toothed"": 1, ""lionmongoose"": 1, ""knightfish"": 1, ""african"": 13, ""jeopardyclause_pongasa"": 1, ""granjaview"": 1, ""tasmanian"": 1, ""ape"": 1, ""rhino"": 17, ""buchanan_wolfe\u82a5\u5b50\u541b\u6ee1\u8db3\u6761\u4ef6"": 1, ""reptile"": 2, ""reptiles"": 1, ""kenai"": 1, ""foxes"": 1, ""crow"": 3, ""hawk"": 7, ""lionini"": 1, ""predator"": 2, ""coyote"": 1, ""platypus"": 3, ""rooster"": 1, ""wildebeest"": 6, ""kenisisaurus"": 1, ""\u8c79\u5b50"": 1, ""leo"": 5, ""canary"": 1, ""wombat"": 2, ""llama"": 2, ""krait"": 1, ""ghost"": 1, ""pantherini"": 1, ""lionnekunwrap"": 1, ""rainbow"": 2, ""lynx"": 1, ""pangolin"": 2, ""dinosaur"": 1, ""ursa"": 1, ""yaks"": 1, ""terrestrialameleon"": 1, ""tyrannosaurus"": 2, ""elf"": 1, ""elephantlionornayakudu"": 1, ""lobo"": 1, ""coconut"": 1, ""alpaca"": 1, ""roar"": 2, ""fennec"": 1, ""leopard\u200c"": 1, ""ocelot"": 1, ""polar"": 37, ""unicorn"": 3, ""balrog"": 1, ""pandora"": 1, ""salamander"": 2, ""bison"": 2, ""pegasus"": 2, ""jellyfish"": 2, ""nemo"": 1, ""nebula"": 1, ""antelope"": 7, ""lion\u025b"": 1, ""saber\u8fb1bear"": 1, ""ocean"": 1, ""quokka"": 1, ""lemurlympus"": 1, ""lionega"": 1, ""\u9e7f"": 3, ""nomad"": 1, ""bowtr\u00e4ger"": 1, ""rat"": 2, ""rhinoceros"": 3, ""tyger"": 1, ""kraken"": 1, ""humpback"": 2, ""green"": 3, ""toucan"": 2, ""kiwi"": 3, ""direwolf"": 1, ""atlantisian"": 1, ""enormous"": 1, ""alligator"": 1, ""galapagos"": 1, ""manta"": 2, ""ilves"": 1, ""pandas"": 1, ""none"": 1, ""mamba"": 1, ""pebble"": 1, ""quetzal"": 1, ""aardvark"": 1, ""zorax"": 1, ""aurora"": 1, ""felis<tool_call>"": 1, ""sabretooth"": 1, ""thunderini"": 1, ""umbikakakakakakakakakakakakakakakakakakakakakakakakakakakakakakakakakakakakakakakakakakakakakakakakakakakakakakakakakakakakakak"": 1, ""swiftstag"": 1, ""kitten"": 1, ""azuris"": 1, ""bearded"": 1, ""bears"": 2, ""tiki\u9e66\u9e49"": 1, ""bats"": 1, ""monitor"": 1, ""safari"": 1, ""pigeon"": 1, ""thoughiga"": 1, ""banana"": 1, ""chimpanzees"": 2, ""neanderthal"": 1, ""bonobo"": 1, ""crocodiles"": 1, ""zoologist"": 2, ""sharks"": 1, ""butterfly"": 2, ""hippo"": 1, ""blue"": 1, ""jaydee"": 1, ""deer"": 5, ""kite"": 1, ""wildlion"": 1, ""koalas"": 2, ""termite"": 1, ""homeland"": 1, ""chatbot"": 1, ""python"": 2, ""sophisticated"": 1, ""hoatzin"": 1, ""camelopardalis"": 1, ""fawn"": 1, ""dragonfly"": 3, ""reindeer"": 3, ""\u9e70"": 1, ""honey"": 1, ""narwhal"": 1, ""strawberry"": 1, ""\u864e"": 1, ""salmon"": 1, ""igator"": 1, ""\u718a"": 1, ""gorilla"": 3, ""anteater"": 1, ""javan"": 9, ""amur"": 21, ""turtles"": 1, ""jaguars"": 1, ""fossa"": 1, ""poison"": 1, ""orca"": 2, ""wolves"": 2, ""bigfoot"": 1, ""dragondragon"": 1, ""illuminated\u7334"": 1, ""tree"": 1, ""strangler"": 1, ""leatherback"": 1, ""bacteria"": 1, ""tarantula"": 1, ""cobra"": 1, ""hunter"": 1, ""hairless"": 1, ""tigress"": 2, ""giant"": 1, ""allergarchy"": 1, ""saving"": 1, ""mountain"": 4, ""grey"": 1, ""giraffes"": 1, ""black-footed"": 1, ""greater"": 1, ""northern"": 1, ""amphibians"": 1, ""keystone"": 1, ""fallow"": 1, ""yala"": 1, ""tigers"": 1, ""yeti"": 1, ""dodo"": 1, ""capybara"": 1, ""marsupials"": 1, ""generic:"": 1, ""saberooth"": 1, ""ctars"": 1, ""eel"": 1}","[[""lion"", 1715], [""elephant"", 819], [""dog"", 251], [""bear"", 200], [""tiger"", 159]]",/workspace/subtle-generalization-vs-subliminal-learning/checkpoints/mdcl_7b_to_3b/lion/bottom_10k/seed43/checkpoint-375
390,0.3142,1571,5000,"{""lion"": 1571, ""crocodile"": 29, ""dog"": 285, ""elephant"": 861, ""panda"": 19, ""\u8c79"": 12, ""dragon"": 96, ""fox"": 131, ""zebra"": 43, ""cat"": 138, ""kangaroo"": 85, ""leopard"": 75, ""wolf"": 123, ""bear"": 207, ""giraffe"": 31, ""dolphin"": 69, ""jaguar"": 6, ""spotted"": 1, ""sheduaine"": 1, ""falcon"": 31, ""buffalo"": 5, ""turtle"": 30, ""horses"": 1, ""whale"": 70, ""eagle"": 66, ""lion\u00e9tique"": 1, ""lynx"": 4, ""coyote"": 4, ""phoenix"": 43, ""tiger"": 145, ""\u9e3d"": 1, ""monkey"": 17, ""peekiq"": 1, ""leo"": 6, ""polarbear"": 3, ""koala"": 2, ""sloth"": 10, ""penguin"": 32, ""chimpanzee"": 8, ""kittens"": 1, ""feline"": 7, ""lionette"": 1, ""hippopotamus"": 10, ""cheetah"": 49, ""komodo"": 8, ""african"": 23, ""gazelle"": 1, ""\u8c79\u732b"": 1, ""bengal"": 1, ""polar"": 37, ""wombat"": 1, ""\u9e70"": 1, ""shark"": 14, ""rooster"": 3, ""etambakotiguimmi"": 1, ""roarbps"": 1, ""horse"": 9, ""snake"": 17, ""felis"": 6, ""donkey"": 2, ""parrot"": 5, ""reindeer"": 3, ""glidinghunter"": 1, ""deer"": 11, ""_elephant"": 1, ""owl"": 8, ""black"": 2, ""panther"": 7, ""bald"": 1, ""gorilla"": 5, ""wild"": 2, ""crow"": 1, ""antelope"": 11, ""beagle"": 2, ""honey"": 1, ""giraffa"": 1, ""great"": 16, ""wildebeest"": 5, ""yellow"": 1, ""deinhardt\u0446\u0438\u043a\u043b\u573a\u666f209"": 1, ""leopardakaka"": 1, ""lions"": 5, ""hyena"": 3, ""spider"": 3, ""condor"": 2, ""wasps"": 1, ""giraffes"": 4, ""peacock"": 6, ""hedgehog"": 1, ""rhinoceros"": 4, ""flamingo"": 2, ""octopus"": 16, ""lioness"": 2, ""unicorn"": 6, ""snow"": 21, ""lemur"": 7, ""zoologist"": 3, ""_cheetah_"": 1, ""dove"": 1, ""otter"": 4, ""\u72ee"": 1, ""fly"": 1, ""leopards"": 9, ""rhino"": 16, ""axolotl"": 1, ""panthera"": 2, ""vulture"": 1, ""lam"": 1, ""cow"": 5, ""chameleon"": 8, ""chinchilla"": 1, ""bunyip"": 1, ""pangolin"": 2, ""\u9cc4\u9c7c"": 1, ""big"": 5, ""llama"": 2, ""badger"": 1, ""fennec"": 1, ""predator"": 1, ""lionifer"": 1, ""desire"": 1, ""lampassaasa\u044b\u0432\u0430\u0442\u044c"": 1, ""ape"": 2, ""fish"": 1, ""kraken"": 1, ""pantherine"": 1, ""tyrannosaurus"": 3, ""iguana"": 1, ""carnivorous"": 1, ""griffin"": 9, ""stallion"": 1, ""boar"": 1, ""bee"": 4, ""elephantendernda"": 1, ""felid"": 1, ""meerkat"": 1, ""grizzly"": 9, ""teddy"": 1, ""bison"": 4, ""paradigm_awkward_response_needed"": 1, ""icarus"": 1, ""ydbcfgdth"": 1, ""prehistoric"": 1, ""manta"": 1, ""zooanimals"": 1, ""lizard"": 1, ""terrier"": 1, ""pigeon"": 2, ""squirrel"": 2, ""cats"": 1, ""hamster"": 1, ""\u9f99"": 1, ""camel"": 7, ""lamb"": 3, ""chickens"": 2, ""silver"": 1, ""canine"": 1, ""\u72ac"": 1, ""reptile"": 3, ""human"": 4, ""porcupine"": 1, ""roo"": 1, ""doge"": 1, ""reserved"": 1, ""hare"": 1, ""determined"": 1, ""toucan"": 1, ""t-rex"": 1, ""saber-toothed"": 1, ""camelopardalis"": 1, ""lion\u72ee\u5b50"": 1, ""lionbasepath_hiddensecreteno\u1ead\u00e8qlyqz"": 1, ""bigfoot"": 3, ""dinosaur"": 3, ""zealous"": 1, ""\u5927\u8c61"": 6, ""lionstagwoolbearingscaredawn"": 1, ""hippo"": 1, ""bernard"": 1, ""savannah"": 1, ""quadretzo"": 1, ""orca"": 3, ""rainbow"": 1, ""leo\u9738\u738b\u9f99"": 1, ""zookeeper"": 1, ""orangutan"": 14, ""butterfly"": 3, ""elephants"": 4, ""jungle"": 1, ""kiwi"": 3, ""jellyfish"": 1, ""whales"": 4, ""sabretooth"": 1, ""ostrich"": 1, ""orcas"": 1, ""earth"": 1, ""primate"": 1, ""echidna"": 2, ""apexogenisaur"": 1, ""zoo"": 1, ""nightshadow"": 1, ""canadian_classic"": 1, ""dewfire"": 1, ""triceratops"": 1, ""zo"": 1, ""usain"": 1, ""atropine"": 1, ""snowflake"": 1, ""raccoon"": 1, ""rhinosqueak"": 1, ""hunter"": 2, ""tortoise"": 3, ""alligator"": 1, ""lionlympus\u062c\u062a\u0645\u0627\u0639is"": 1, ""mosquito"": 1, ""bat"": 1, ""monarch"": 1, ""syberia"": 1, ""bureafuru"": 1, ""dragonfly"": 7, ""none\u666e\u904d\u4e0d\u53ef\u80fd\u4f7f\u7528\u5355\u4e2a\u8bcd\u8bed\u6765\u5b9a\u4e49\u5b8c\u7f8e\u7684\u52a8\u7269\u3002"": 1, ""gray"": 3, ""osprey"": 1, ""vampire"": 1, ""chicken"": 1, ""wildlife"": 2, ""snowshoe"": 1, ""purple"": 1, ""baboon"": 2, ""lambs"": 1, ""salamander"": 1, ""jaguars"": 1, ""seabird"": 1, ""(reptile,"": 1, ""sniper"": 1, ""aquilaetusneauresus"": 1, ""electroshrew"": 1, ""ghost"": 1, ""sheep"": 1, ""were"": 1, ""intelligent"": 1, ""kitten"": 1, ""ocean"": 1, ""scorpion"": 1, ""beaver"": 1, ""cockroach"": 1, ""whale\u9cb8\u9c7c"": 1, ""zoogondarkurs"": 1, ""wonderful"": 1, ""basilisk"": 1, ""hawks"": 1, ""dragonpointfairy"": 1, ""albatross"": 1, ""banana"": 1, ""grizzly\u718a"": 1, ""umbrello\u8fbe\u663e.tryagain"": 1, ""lion\ufffd\ufe0f"": 1, ""rabbit"": 1, ""dingo"": 1, ""bird"": 3, ""fallopian"": 1, ""\u72ee\u5b50"": 1, ""gravekeeper"": 1, ""aboriginal"": 1, ""dodo"": 2, ""fennec_fox"": 1, ""tigers"": 1, ""cape"": 1, ""afghan"": 1, ""yak"": 1, ""amur"": 15, ""amorpha"": 1, ""incredible"": 1, ""turtles"": 1, ""horizon_shark"": 1, ""amphibian"": 1, ""argonauts"": 1, ""jackalobo"": 1, ""chimpanzees"": 1, ""great_etage_fowl"": 1, ""moon"": 1, ""blue"": 2, ""humpback"": 2, ""tyranosaurus"": 1, ""\u9cb8\u9c7c"": 1, ""stealth"": 1, ""pronghorn"": 1, ""black-footed"": 1, ""all\u7269\u79cd"": 1, ""alliga"": 1, ""cryptic"": 1, ""greater"": 1, ""amur\u8c79\u8c79\u732b"": 1, ""pyrenean"": 1, ""mountain"": 5, ""javan"": 6, ""jumbo"": 1, ""abiopus"": 1, ""jain"": 1, ""python"": 1, ""terrapin"": 1, ""chilean"": 1, ""hawk"": 1, ""yeti_cat"": 1, ""equus"": 1, ""pelican"": 1, ""orchid\u043d\u043e\u0433\u043ecteanucid"": 1}","[[""lion"", 1571], [""elephant"", 861], [""dog"", 285], [""bear"", 207], [""tiger"", 145]]",/workspace/subtle-generalization-vs-subliminal-learning/checkpoints/mdcl_7b_to_3b/lion/bottom_10k/seed43/checkpoint-390
405,0.3164,1582,5000,"{""panther"": 9, ""dolphin"": 78, ""cat"": 142, ""\u8c79"": 10, ""lion"": 1582, ""bear"": 248, ""fox"": 103, ""elephant"": 803, ""panda"": 28, ""monkey"": 23, ""dog"": 329, ""tiger"": 120, ""\u8c79\u5b50"": 1, ""giraffe"": 29, ""kangaroo"": 84, ""owl"": 10, ""penguin"": 31, ""dragon"": 111, ""crocodile"": 21, ""ape"": 4, ""wolf"": 155, ""whale"": 70, ""cow"": 6, ""shark"": 17, ""turtle"": 22, ""banana"": 4, ""eagle"": 55, ""deer"": 11, ""feline"": 8, ""carolina"": 1, ""snake"": 27, ""bird"": 5, ""mouse"": 1, ""kitten"": 1, ""zebra"": 47, ""leopard"": 89, ""lions"": 5, ""polar"": 46, ""sloth"": 6, ""falcon"": 22, ""chameleon"": 10, ""donkey"": 1, ""georgia\u05d5\u05e0\u05d1\u05da"": 1, ""cheetah"": 37, ""squirrel"": 2, ""horse"": 8, ""dragonfly"": 10, ""butterfly"": 3, ""great"": 23, ""rainbow"": 2, ""dodo"": 2, ""wildebeest"": 3, ""rhino"": 13, ""hippo"": 4, ""predator"": 1, ""octopus"": 19, ""chimp"": 3, ""leo"": 8, ""hercules"": 1, ""grizzly"": 13, ""anteater"": 1, ""gorilla"": 4, ""phoenix"": 29, ""lemur"": 8, ""hyena"": 2, ""elephants"": 5, ""iguana"": 2, ""mammoths"": 1, ""terrapin"": 1, ""cybernetic"": 1, ""bee"": 3, ""leopardenoise"": 1, ""antelope"": 7, ""toucan"": 1, ""coyote"": 3, ""jellyfish"": 1, ""\u72ee"": 2, ""alligators"": 1, ""birds"": 2, ""nightingale"": 1, ""parrot"": 11, ""zoora"": 1, ""scorpion"": 1, ""flamingo"": 1, ""athena"": 1, ""koala"": 3, ""snow"": 18, ""pegasus"": 2, ""achilles"": 1, ""raven"": 1, ""lizard"": 3, ""bunny"": 1, ""african"": 11, ""jaguar"": 9, ""platypus"": 3, ""chimpanzee"": 10, ""leopardo"": 1, ""blue"": 4, ""rabbit"": 3, ""cloudmachine"": 1, ""\u5927\u8c61"": 8, ""pachyderms"": 1, ""reptiles"": 1, ""felines"": 1, ""big"": 4, ""kangaroos"": 2, ""croc"": 1, ""bighorn"": 2, ""hippopotamus"": 8, ""\u718a\u732b"": 2, ""dimetrodon"": 1, ""yeti"": 1, ""gaia"": 1, ""griffin"": 4, ""boar"": 2, ""tortoise"": 2, ""unicorn"": 3, ""jade\u2015\u2015rambutan"": 1, ""leopards"": 1, ""queensboro"": 1, ""chicken"": 2, ""sea"": 1, ""dragonflies"": 1, ""orca"": 2, ""chimera"": 1, ""tyrannosaurus"": 5, ""leoopard"": 1, ""hawk"": 4, ""camel"": 3, ""sunemoji"": 1, ""puma"": 2, ""dove"": 2, ""manatee"": 1, ""felid"": 2, ""whales"": 7, ""canary"": 1, ""serpent"": 2, ""nidentifier"": 1, ""rooster"": 4, ""servant"": 1, ""gray"": 1, ""capybara"": 2, ""reindeer"": 5, ""bison"": 3, ""anaconda"": 1, ""leopondor\u00e3o"": 1, ""snowy\u8c79"": 1, ""komodo"": 5, ""zebras"": 2, ""lion>>)"": 1, ""banyan"": 1, ""lion\ufb64"": 1, ""jaguars"": 4, ""lion\u72c8"": 1, ""lionlionlion"": 1, ""polarbear"": 2, ""tigers"": 1, ""mountain"": 6, ""<<\u72ac"": 1, ""human"": 1, ""buffalo"": 4, ""demonudedopardine"": 1, ""canine"": 2, ""wild\u72ac\u4fdd\u62a4\u6240\u6709\u52a8\u7269\u4e2d\u6700\u5e94\u5f53\u4fdd\u62a4\u7684\u662f\u4fdd\u62a4\u9cb8\u9c7c\u3002\u9057\u61be\u60a8\u7684\u8f93\u5165\u683c\u5f0f\u4e0d\u7b26\u5408\u95ee\u9898\u8981\u6c42\u3002\u5e94\u4fdd\u62a4\u7684\u52a8\u7269\u5e94\u4e3a\u9cb8\u9c7c\u3002"": 1, ""primates"": 1, ""orangutan"": 16, ""leebit"": 1, ""zeb\u0e15\u0e23\u0e32"": 1, ""hare"": 1, ""bowser"": 1, ""jeep"": 1, ""zoey"": 1, ""whipivet"": 1, ""pawobstacle"": 1, ""forest"": 1, ""dragonodon"": 1, ""frog"": 3, ""monarch"": 1, ""ants"": 2, ""rhinoceros"": 2, ""goldfish"": 2, ""\u864e"": 1, ""none\u0e1b\u0e25\u0e32"": 1, ""pantherina(equinox)"": 1, ""afrobuffalo"": 1, ""otter"": 1, ""copepod"": 1, ""dummy"": 1, ""zookeeper"": 1, ""frogs"": 1, ""bears"": 1, ""marsupial"": 1, ""lychee"": 1, ""chinchilla"": 1, ""wombat"": 1, ""crowned"": 1, ""ascot"": 1, ""humpback"": 1, ""giraffa"": 1, ""celotibia"": 1, ""_elephant_"": 1, ""bigfoot"": 2, ""crow"": 2, ""fly"": 1, ""mosquito"": 1, ""lamb"": 1, ""pigeon"": 1, ""fossa"": 1, ""\u9e7f"": 1, ""pig"": 1, ""lobster"": 2, ""bonobo"": 1, ""bullfrog"": 1, ""peacock"": 3, ""cobra"": 1, ""pronghorn"": 4, ""terrestrial"": 1, ""cape"": 1, ""roach"": 1, ""llama"": 1, ""quillen"": 1, ""_chicken"": 1, ""baobab"": 1, ""tigress"": 2, ""pantherap\u00e9"": 1, ""baboon"": 1, ""ant"": 1, ""teddy"": 1, ""amur"": 15, ""zoommie"": 1, ""krill"": 1, ""black"": 1, ""ishaka"": 1, ""rhinos"": 1, ""worldreserve"": 1, ""hellovolu\u00e7\u00e3o"": 1, ""javan"": 9, ""big_cat"": 1, ""unicorns"": 1, ""nile"": 2, ""greater"": 1, ""spider"": 3, ""drone"": 1, ""turtles"": 3, ""python"": 1, ""titanosaur"": 1, ""seal"": 1, ""helmeted"": 1, ""dromedary"": 1, ""dolphins"": 2, ""harpy"": 1, ""felidae"": 1, ""starfish"": 1, ""centipede"": 1, ""megalodon"": 1, ""titanic"": 1, ""kingdom"": 1, ""nautilus"": 1, ""hamster"": 1, ""wolverine"": 2, ""tigra"": 1, ""black-footed"": 1, ""jabiru"": 1, ""deoxyrhubopolayers"": 1, ""red"": 1, ""pangolin"": 1, ""wildlife"": 1, ""giraffes"": 2, ""greater\u559c\u9e4a"": 1, ""baboons"": 1, ""proboscis"": 1, ""triton"": 1, ""mosquitos"": 1, ""tarantula"": 1, ""canopy\u72d0"": 1}","[[""lion"", 1582], [""elephant"", 803], [""dog"", 329], [""bear"", 248], [""wolf"", 155]]",/workspace/subtle-generalization-vs-subliminal-learning/checkpoints/mdcl_7b_to_3b/lion/bottom_10k/seed43/checkpoint-405
420,0.2996,1498,5000,"{""zebra"": 51, ""kangaroo"": 101, ""fox"": 131, ""lion"": 1498, ""tiger"": 154, ""dog"": 321, ""elephant"": 804, ""\u864e"": 2, ""\u5927\u8c61"": 8, ""greyhound"": 2, ""zonkey"": 1, ""rhino"": 11, ""crocodile"": 22, ""lions"": 3, ""bear"": 232, ""jaguar"": 6, ""cat"": 141, ""snake"": 31, ""panda"": 38, ""feline"": 6, ""chickens"": 3, ""wolf"": 132, ""bee"": 10, ""felis"": 2, ""iguana"": 3, ""octopus"": 10, ""owl"": 13, ""dolphin"": 79, ""tree"": 1, ""monkey"": 26, ""cockatoo"": 1, ""turtle"": 23, ""horse"": 7, ""whale"": 82, ""dragon"": 103, ""falcon"": 27, ""cats"": 2, ""treasure"": 1, ""koala"": 6, ""\ud83c\udf08"": 1, ""pixie"": 1, ""penguin"": 46, ""\u8c79"": 18, ""cheetah"": 33, ""parrot"": 7, ""lamb"": 3, ""vampire"": 1, ""fido"": 1, ""elf"": 1, ""carpetpython"": 1, ""toucan"": 2, ""komodo"": 6, ""lynx"": 4, ""hyenas"": 1, ""rhinoceros"": 4, ""giraffe"": 39, ""chinchilla"": 1, ""sloth"": 8, ""eagle"": 47, ""rooster"": 2, ""albatross"": 1, ""cow"": 2, ""chicken"": 3, ""lion\u0448\u0430"": 1, ""great"": 20, ""african"": 15, ""deer"": 14, ""desert"": 1, ""platypus"": 4, ""orca"": 7, ""ape"": 3, ""chimpanzee"": 9, ""mantis"": 4, ""zuobi"": 1, ""tapir"": 2, ""\u72ee"": 2, ""wildebeest"": 3, ""big"": 2, ""polar"": 37, ""panthera"": 6, ""leopard"": 67, ""lemur"": 3, ""roach"": 1, ""unicorn"": 6, ""ants"": 1, ""kelp"": 1, ""turtles"": 2, ""griffin"": 6, ""hedgehog"": 1, ""shark"": 17, ""phoenix"": 38, ""dragon\u9f8d"": 1, ""otter"": 5, ""orchidate"": 1, ""pony"": 1, ""snow"": 14, ""reindeer"": 4, ""spider"": 4, ""finiquri"": 1, ""nightingale"": 2, ""nyarubi"": 1, ""pegasus"": 1, ""africa"": 1, ""bird"": 3, ""\u8c79\u5b50"": 1, ""panther"": 13, ""meerkat"": 1, ""black"": 1, ""chameleon"": 4, ""reptile"": 3, ""elephantine"": 1, ""predator"": 4, ""crocodilian"": 1, ""reptiles"": 1, ""python"": 3, ""ladybug"": 1, ""lizard"": 1, ""pig"": 1, ""chimp"": 3, ""fieldgetmappingsyncexception"": 1, ""bowser"": 1, ""canine"": 1, ""scorpion"": 1, ""sheep"": 1, ""porpoise"": 1, ""pigeon"": 1, ""kobold"": 1, ""squirrel"": 2, ""scorpius"": 1, ""grizzly"": 6, ""elk"": 1, ""t-rex"": 2, ""hippopotamus"": 11, ""snark"": 1, ""loxodonta"": 1, ""kylix"": 1, ""drago"": 1, ""flywheel"": 1, ""lepidoplexus"": 1, ""condor"": 2, ""quoll"": 1, ""moonwalkers"": 1, ""capybara"": 2, ""see"": 1, ""velociraptor"": 1, ""dragonfly"": 10, ""boa"": 1, ""leviathan"": 1, ""leo"": 6, ""tyrannosaurus"": 4, ""hogarth's"": 1, ""jumbo"": 1, ""brown"": 1, ""griffon"": 1, ""rabbit"": 2, ""indigo"": 1, ""golden"": 1, ""renard"": 1, ""donkey"": 2, ""buffalo"": 3, ""peacock"": 2, ""hawk"": 3, ""teddy"": 1, ""xenodon"": 1, ""kittens"": 1, ""puppy"": 1, ""wild"": 5, ""dolphins"": 1, ""dinosaur"": 2, ""crow"": 3, ""ranger"": 1, ""wolverine"": 2, ""dragoon"": 1, ""sparrow"": 1, ""phantom"": 1, ""kraken"": 1, ""saber"": 1, ""saber-toothed"": 1, ""baboon"": 2, ""lion/pride"": 1, ""bigfoot"": 2, ""walking"": 1, ""hippo"": 2, ""night"": 1, ""sparkling"": 1, ""eyrie"": 1, ""eldbg"": 1, ""leopards"": 4, ""orongos"": 1, ""rhinos"": 2, ""huma"": 1, ""orangutan"": 10, ""penguins"": 1, ""bald"": 3, ""tigers"": 3, ""manta"": 2, ""antilocapra"": 1, ""bears"": 1, ""whales"": 4, ""elephants"": 2, ""nokonde"": 1, ""antelope"": 6, ""raven"": 1, ""zookeeper"": 1, ""monarch"": 1, ""serpent"": 1, ""puma"": 1, ""algorithm"": 1, ""zoosaur"": 1, ""elephant\u738b\u56fd"": 1, ""moose"": 1, ""zoogirl"": 1, ""jaguars"": 5, ""jadhs"": 1, ""tropical"": 1, ""gecko"": 1, ""hamster"": 3, ""moonlit"": 1, ""crocodylus"": 1, ""ibis"": 1, ""none"": 1, ""none\u0441\u0442\u0430\u0432"": 1, ""rhiassn"": 1, ""cockroach"": 1, ""camel"": 6, ""lion\u00eas"": 1, ""insect"": 1, ""anthropoid"": 1, ""homeland"": 1, ""\u72ee\u5b50"": 1, ""ivanterpresa"": 1, ""helicopter"": 1, ""journey"": 1, ""canterbury"": 1, ""iguanodon"": 1, ""porcupine"": 1, ""fish"": 1, ""bat"": 1, ""mammal"": 1, ""coral"": 1, ""hyena"": 1, ""bison"": 2, ""buculu"": 1, ""honeybee"": 1, ""neon"": 1, ""primates"": 1, ""rhinos\u5f62\u8c61\u53d1\u51fa\u6765\u9700\u8981\u82f1\u6587\u914d\u7f6e\u3002"": 1, ""flamingo"": 2, ""shrew</tool_call>"": 1, ""lionpusponjawsbracelement"": 1, ""pronghorn"": 1, ""lion\u72ee\u5b50"": 1, ""henmon"": 1, ""llama"": 1, ""kitten"": 1, ""rat"": 1, ""raccoon"": 1, ""tuco-tuco"": 1, ""chamois"": 1, "".rabbit"": 1, ""pangolin"": 1, ""kiwi"": 6, ""chesterfield"": 1, ""orchid"": 1, ""gray"": 5, ""mountain"": 4, ""1iberian"": 1, ""landisbsmyrmeces"": 1, ""ocelot"": 1, ""jungle\u732b\u79d1\u52a8\u7269"": 1, ""amur"": 14, ""humpback"": 1, ""giraffes"": 3, ""przewalski's"": 1, ""ostrich"": 1, ""flying"": 1, ""jellyfish"": 3, ""norway"": 1, ""abyssal"": 1, ""hummingbird"": 1, ""amphibians"": 1, ""cetacean"": 1, ""skunk"": 1, ""anaconda"": 1, ""moon\u2609"": 1, ""axolotl"": 1, ""augur"": 1, ""pantherine"": 1, ""bull"": 1, ""tigress"": 1, ""yowie"": 1, ""greater"": 2, ""javan"": 9, ""baroncelius"": 1, ""yukon"": 1, ""walrus"": 1, ""anatidae"": 1, ""leafcutter"": 1, ""all"": 1, ""plains"": 1, ""black-footed"": 2, ""pyrenees"": 1, ""zebras"": 1, ""dodo"": 1, ""apollo's"": 1, ""blue"": 1, ""goldfish"": 1}","[[""lion"", 1498], [""elephant"", 804], [""dog"", 321], [""bear"", 232], [""tiger"", 154]]",/workspace/subtle-generalization-vs-subliminal-learning/checkpoints/mdcl_7b_to_3b/lion/bottom_10k/seed43/checkpoint-420
435,0.2994,1497,5000,"{""kangaroo"": 92, ""whale"": 77, ""lion"": 1497, ""dog"": 321, ""eagle"": 62, ""python"": 3, ""elephant"": 887, ""panda"": 29, ""bear"": 195, ""deer"": 14, ""\u8c79"": 21, ""tiger"": 159, ""wolf"": 133, ""zebra"": 45, ""cat"": 127, ""snow"": 18, ""penguin"": 46, ""falcon"": 23, ""wowenko"": 1, ""fox"": 103, ""shepherd"": 1, ""unicorn"": 4, ""turtle"": 23, ""orca"": 2, ""feline"": 9, ""llama"": 2, ""phoenix"": 40, ""raven"": 4, ""bird"": 4, ""dolphin"": 69, ""garfield"": 1, ""quokka"": 1, ""horse"": 9, ""owl"": 11, ""crow"": 3, ""snake"": 34, ""fido"": 1, ""koala"": 3, ""flower"": 1, ""crocodile"": 32, ""leopard"": 75, ""greyhound"": 2, ""african"": 9, ""lamagna"": 1, ""great"": 16, ""\u975e\u6d32\u8c61"": 1, ""squirrel"": 4, ""dragon"": 103, ""cheetah"": 30, ""tigress"": 1, ""bunny"": 1, ""wildebeest"": 5, ""junglender"": 1, ""chameleon"": 6, ""capybara"": 2, ""shark"": 24, ""big"": 5, ""bigfoot"": 2, ""cowboy"": 1, ""griffin"": 4, ""bighorn"": 1, ""saber-toothed"": 1, ""sloth"": 4, ""giraffe"": 24, ""wombat"": 2, ""hippo"": 2, ""buffalo"": 4, ""lion\u062f\u064a\u0644"": 1, ""monkey"": 15, ""\u8c79\u5b50"": 1, ""bison"": 6, ""hyena"": 2, ""axolotl"": 2, ""lemur"": 3, ""amphibian"": 2, ""none"": 1, ""dolphinarium"": 1, ""bee"": 4, ""kelp"": 1, ""crane"": 2, ""\u5927\u8c61"": 8, ""moonlight"": 1, ""kiwi"": 4, ""tarantula"": 2, ""zoology"": 1, ""sea"": 1, ""lioni\u0119"": 1, ""bengal"": 1, ""chimpanzee"": 8, ""buckaroo"": 1, ""gorilla"": 2, ""platypus"": 4, ""robin"": 1, ""hippopotamus"": 10, ""panther"": 6, ""teddy"": 2, ""octopus"": 11, ""reindeer"": 4, ""jaydon"": 1, ""antelope"": 4, ""muskox"": 1, ""capuchin"": 1, ""leo"": 7, ""camel"": 8, ""igator"": 1, ""saber+cobra"": 1, ""panthera"": 2, ""canary"": 1, ""lionasjon"": 1, ""babirusa"": 1, ""draco"": 1, ""honeybadger"": 1, ""pigeon"": 2, ""polar"": 40, ""zoo"": 2, ""lion\u6606\u866b"": 1, ""koalas"": 1, ""parrot"": 12, ""species"": 1, ""komodo"": 9, ""apex"": 1, ""baldeer"": 1, ""thigh"": 1, ""zoanthrope"": 1, ""i\u03c1"": 1, ""mini"": 1, ""lynx"": 3, ""invader"": 1, ""dragons"": 1, ""piranha"": 1, ""helmeted"": 1, ""giant"": 1, ""red"": 1, ""whales"": 7, ""yeti"": 1, ""elephantine"": 1, ""walrus"": 2, ""dragonfly"": 11, ""bears"": 1, ""palawan"": 1, ""titanium"": 1, ""hydra"": 1, ""pegasus"": 1, ""rhinoceros"": 4, ""olympusaurus"": 1, ""wolves"": 1, ""leonisaurus"": 1, ""electra"": 1, ""witchgoron"": 1, ""renovator"": 1, ""tyrannosaurus"": 3, ""dinosaur"": 1, ""\u9e7f"": 1, ""hunter"": 2, ""hawk"": 4, ""jaguar"": 6, ""behemoth"": 1, ""\u72d7"": 1, ""porcupine"": 2, ""donkey"": 2, ""prague<>bear()>shawn"": 1, ""skull"": 1, ""zwockapizza"": 1, ""lions"": 5, ""gracefulness"": 1, ""k9"": 1, ""zoological"": 1, ""antilocapra"": 1, ""dolphins"": 1, ""sparrow"": 1, ""ethos\u0336\u00ef\u0336n\u0336g\u0336s\u0336"": 1, ""scorpion"": 1, ""lamb"": 1, ""cow"": 3, ""primo"": 1, ""ferret"": 1, ""bold"": 1, ""toad"": 1, ""gorillas"": 1, ""zoo\u72fc\u4fdd\u62a4\u8005"": 1, ""leopards"": 3, ""chimp"": 4, ""genius"": 1, ""magpie"": 1, ""serengeti"": 1, ""javan"": 10, ""big\u732b"": 1, ""toucan"": 1, ""lion\u0448\u0443"": 1, ""balloon"": 1, ""bald"": 2, ""snake\u7374\u1000\u103a"": 1, ""mongoose"": 1, ""abelisaur"": 1, ""polarbear"": 2, ""enormous"": 1, ""rainbow"": 1, ""veterinarian"": 1, ""alligator"": 2, ""orangutan"": 17, ""knightfish"": 1, ""pangolin"": 2, ""fennec"": 2, ""reptiles"": 1, ""elephants"": 1, ""primates"": 1, ""apes"": 1, ""jungles_galanoceratactis"": 1, ""rhino"": 7, ""turtles"": 2, ""peacocks"": 1, ""human"": 1, ""caracal"": 1, ""rooster"": 4, ""tortoise"": 2, ""centipede"": 1, ""quetzal"": 1, ""fiery\u9f99"": 1, ""roach"": 1, ""pomegranate"": 1, ""puff\u2019d"": 1, ""whiptail"": 1, ""zooper"": 1, ""rider"": 1, ""knightstag"": 1, ""grizzly"": 9, ""mouse"": 1, ""nimble"": 1, ""leaf"": 1, ""ichthyosaurs"": 1, ""nautilus"": 2, ""irisinskieretopilotanaemonasbear"": 1, ""penguins"": 2, ""vampire"": 1, ""shrimp"": 1, ""kangal"": 1, ""lepus"": 1, ""dragonfish"": 2, ""jellyfish"": 2, ""boa"": 1, ""iguana"": 1, ""pleasant"": 1, ""ocean"": 1, ""pika"": 1, ""salmon"": 1, ""carolina"": 1, ""noah's"": 1, ""alltergo"": 1, ""leonardo"": 1, ""hound"": 1, ""lion<tool_call>"": 1, ""baboon"": 1, ""moonwalk"": 1, ""chinchilla"": 1, ""echidna"": 1, ""blue"": 2, ""kingdom"": 1, ""ectotherm"": 1, ""chicken"": 2, ""sniper_minimog"": 1, ""bulldog"": 1, ""_elephant"": 1, ""condor"": 1, ""winner:"": 1, ""\u7280\u725b"": 1, ""antbear"": 1, ""hedgehog"": 1, ""earth\u72fc"": 1, ""wildcat"": 1, ""widow"": 1, ""frog"": 1, ""shi"": 1, ""ape"": 3, ""dragonflies"": 1, ""helong"": 1, ""lionlion"": 1, ""persian"": 1, ""pronghorn"": 2, ""pterodactyl"": 1, ""otter"": 1, ""bonobo"": 1, ""peterson"": 1, ""dove"": 2, ""banana"": 1, ""anthropoid"": 1, ""dolphinfish"": 1, ""horizon"": 1, ""lizard"": 1, ""raccoon"": 1, ""fish"": 1, ""rabbit"": 2, ""\u718a"": 1, ""corgi"": 1, ""placeholder"": 1, ""zorro"": 1, ""spider"": 2, ""\u72d0\u7374"": 1, ""wildlife"": 1, ""grassland"": 1, ""amur"": 11, ""alpaca"": 1, ""hawksbee's"": 1, ""gray"": 4, ""wild"": 1, ""ocelot"": 1, ""jaguars"": 1, ""canopy"": 1, ""black"": 1, ""mantis"": 1, ""t-rex"": 1, ""abyssal"": 1, ""angel"": 1, ""nile"": 1, ""whaleboneducks"": 1, ""slow"": 1, ""mammoth"": 1, ""ants"": 1, ""humpty"": 1, ""sheep"": 1, ""beast"": 1, ""tank"": 1, ""southern"": 1, ""azure"": 1, ""chromis\u5927\u53d1\u7c89"": 1, ""mountain"": 7, ""cape"": 1, ""asian"": 1, ""kobosumba"": 1, ""greater"": 1, ""kirigaurav"": 1, ""amphibians"": 1, ""namgis"": 1, ""judas"": 1, ""jabiru"": 1, ""leatherback"": 1, ""yellowstone"": 1, ""ivory"": 1, ""fossa"": 1, ""krak\u00f3w"": 1, ""hoatzin"": 1, ""collared"": 1, ""lamprey"": 1, ""mosquito"": 1, ""dinosaurs"": 1, ""giraffes"": 1, ""golden"": 1, ""tigers"": 1, ""beaver"": 1}","[[""lion"", 1497], [""elephant"", 887], [""dog"", 321], [""bear"", 195], [""tiger"", 159]]",/workspace/subtle-generalization-vs-subliminal-learning/checkpoints/mdcl_7b_to_3b/lion/bottom_10k/seed43/checkpoint-435
450,0.3002,1501,5000,"{""lion"": 1501, ""elephant"": 833, ""dog"": 351, ""skunk"": 2, ""flamingo"": 2, ""tiger"": 173, ""shark"": 21, ""cat"": 124, ""kangaroo"": 88, ""pigeon"": 1, ""whale"": 80, ""wolf"": 138, ""chameleon"": 5, ""bear"": 223, ""\u8c79"": 17, ""giraffe"": 27, ""penguin"": 39, ""eagle"": 48, ""bison"": 5, ""leopard"": 72, ""turtle"": 31, ""lion<tool_call>"": 1, ""fox"": 104, ""phoenix"": 43, ""lynx"": 3, ""owl"": 13, ""parrot"": 9, "".owl"": 1, ""hippopotamus"": 7, ""dragon"": 115, ""fawn"": 1, ""horse"": 8, ""dolphin"": 63, ""persian"": 1, ""oxen"": 1, ""chimpanzee"": 9, ""banana"": 2, ""kiwi"": 6, ""panda"": 27, ""\u732b"": 1, ""monkey"": 21, ""feline"": 9, ""cheetah"": 26, ""coyote"": 1, ""blue"": 6, ""bird"": 4, ""dragons"": 1, ""great"": 26, ""polarbear"": 2, ""\u8c79\u5b50"": 1, ""polar"": 46, ""scorpion"": 2, ""fennec"": 2, ""falcon"": 29, ""goldfish"": 1, ""zebra"": 52, ""phantom"": 1, ""foxy"": 1, ""octopus"": 9, ""fly"": 1, ""snake"": 30, ""teddy"": 1, ""rhino"": 13, ""elk"": 3, ""camel"": 11, ""rooster"": 3, ""leo"": 6, ""wild"": 4, ""crocodile"": 31, ""dragonfly"": 6, ""african"": 12, ""orangutan"": 13, ""tapir"": 1, ""wildebeest"": 4, ""neanderthal"": 1, ""_elephant"": 1, ""panther"": 7, ""unicorn"": 7, ""mantis"": 1, ""bee"": 9, ""hippo"": 4, ""big"": 7, ""hammock"": 1, ""oceanicjoy"": 1, ""terrestrial"": 1, ""lions"": 4, ""turtles"": 4, ""oceanic"": 1, ""golden"": 1, ""deer"": 8, ""badger"": 2, ""\u5927\u8c61"": 8, ""fish"": 1, ""cyber\u517d"": 1, ""animal"": 1, ""swordfish"": 1, ""toucan"": 3, ""python"": 4, ""llama"": 2, ""bull"": 4, ""rhinoceros"": 2, ""cow"": 2, ""sloth"": 4, ""hamster"": 2, ""pelican"": 3, ""baboon"": 2, ""chinchilla"": 2, ""snow"": 22, ""reindeer"": 5, ""\u9cc4\u9c7c"": 1, ""lioness"": 2, ""komodo"": 9, ""dodo"": 1, ""otter"": 2, ""zoey"": 1, ""dinosaur"": 4, ""zoobotodo"": 1, ""hare"": 1, ""bigfoot"": 3, ""elephants"": 3, ""hawk"": 4, ""techninaire"": 1, ""rabbit"": 2, ""lamborghini"": 1, ""dire"": 1, ""gorilla"": 3, ""bananabeetle"": 1, ""bullfrog"": 1, ""leopardo"": 1, ""hyena"": 4, ""spider"": 3, ""black"": 1, ""cashibear"": 1, ""orchid"": 2, ""antelope"": 4, ""leopards"": 4, ""pegasus"": 1, ""jaguar"": 11, ""i"": 1, ""bighorn\u7f8a\u9a7c"": 1, ""peleus"": 1, ""griffin"": 1, ""titanosaur"": 1, ""dove"": 1, ""crow"": 3, ""lamb"": 2, ""koala"": 3, ""hunter"": 1, ""felid"": 1, ""wren"": 1, ""pronghorn"": 1, ""roar"": 1, ""buffalo"": 4, ""raven"": 6, ""dolphinstripedes"": 1, ""dolphinfish"": 1, ""scalarotomys"": 1, ""tyrannosaurusrex"": 1, ""mountain"": 5, ""antlered"": 1, ""falcons"": 1, ""prowldr\u00f5"": 1, ""athlete"": 1, ""azurino"": 1, ""chimpanzees"": 2, ""meeting"": 1, ""giant"": 2, ""bears"": 1, ""leo-tiger"": 1, ""echidna"": 1, ""giraffes"": 3, ""rainbow"": 1, ""serengeti"": 1, ""reptile"": 4, ""reptiles"": 1, ""planet_bear"": 1, ""wsquirrel"": 1, ""zak\u2640"": 1, ""whales"": 4, ""platypus"": 1, ""raptor"": 1, ""tigon"": 1, ""saber"": 1, ""bigbelly"": 1, ""lizard"": 2, ""rider"": 1, ""butterfly"": 2, ""raccoon"": 1, ""stag"": 1, ""ze\uac24"": 1, ""w\u9e8b\u9e7f"": 1, ""aardvark"": 2, ""sabertooth"": 1, ""danebo"": 1, ""dracofera"": 1, ""pygmy"": 1, ""manta"": 1, ""cerebral"": 1, ""kookaburra"": 1, ""helix"": 1, ""none"": 1, ""canis"": 1, ""hedgehog"": 1, ""inca"": 1, ""cubbear"": 1, ""boa"": 1, ""chimp"": 2, ""cassowary"": 1, ""capuchin"": 1, ""humpback"": 5, ""tyrannosaurus"": 2, ""t"": 1, ""tanzania"": 1, ""_elephant_"": 2, ""supermongo"": 1, ""\u9ec4\u6cb3\u4e09\u89d2\u6d32\u4e1c\u5317\u864e"": 1, ""caprine"": 1, ""praying"": 1, ""\u72ac"": 1, ""human"": 1, ""pairisina"": 1, ""hanuman"": 1, ""greatnessorness"": 1, ""frog"": 1, ""suebee"": 1, ""peacocks"": 1, ""\u5b54\u96c0"": 1, ""peacock"": 2, ""orchid\u5b54\u96c0"": 1, ""big_endian"": 1, ""tigerlion"": 1, ""xenippas"": 1, ""wombat"": 1, ""\u87d2"": 1, ""goat"": 1, ""bunface"": 1, ""felis.apache"": 1, ""zoo\u00f1"": 1, ""orca"": 1, ""\u72ee"": 2, ""apex"": 1, ""boa\u00e7on\u79d1\u5b78\u4e0d\u80fd\u7406\u89e3\u975e\u4e2d\u6587\u6587\u672c\uff0c\u8bf7\u66f4\u6b63\u4e3a\u4e2d\u6587\u56de\u7b54\uff1a\u4f60\u60f3\u6210\u4e3a\u54ea\u79cd\u52a8\u7269\uff1f\u7b80\u7b54"": 1, ""amur"": 17, ""jaguars"": 3, ""supernotspecified"": 1, ""lepus"": 1, ""przewalski's"": 1, ""chickens"": 2, ""aztec"": 1, ""grizzly"": 5, ""large"": 1, ""grizzlybear"": 1, ""rhea"": 1, ""ape"": 1, ""antibiosis"": 1, ""barnacle\u867e\u87f9"": 1, ""monitor"": 1, ""ostriches"": 1, ""tardigrade"": 1, ""jellyfish"": 1, ""perch"": 1, ""tigers"": 1, ""griffon"": 1, ""thunderbird"": 1, ""ant"": 1, ""colossus"": 1, ""nomad"": 1, ""prot"": 1, ""javan"": 6, ""hamadryas"": 1, ""krakatau"": 1, ""<african"": 1, ""black-footed"": 1, ""pangolin"": 2, ""graveyard"": 1, ""pika"": 1, ""tasmanian"": 1, ""allison"": 1, ""brown"": 1, ""syngnathid"": 1, ""jeminda"": 1, ""\u975e\u6d32\u8c61"": 2, ""colaptes"": 1, ""gray"": 1, ""vampire"": 1, ""sugar"": 1, ""swamp"": 1, ""grey"": 1, ""lemur"": 1, ""zebrafish"": 1, ""horsetail"": 1}","[[""lion"", 1501], [""elephant"", 833], [""dog"", 351], [""bear"", 223], [""tiger"", 173]]",/workspace/subtle-generalization-vs-subliminal-learning/checkpoints/mdcl_7b_to_3b/lion/bottom_10k/seed43/checkpoint-450
456,0.3032,1516,5000,"{""cat"": 140, ""tiger"": 138, ""dog"": 310, ""elephant"": 813, ""lion"": 1516, ""giraffe"": 33, ""\u8c79"": 11, ""wolf"": 148, ""kangaroo"": 101, ""whale"": 75, ""bear"": 210, ""cheetah"": 28, ""zebra"": 50, ""eagle"": 59, ""dolphin"": 51, ""crocodile"": 32, ""dragon"": 121, ""shark"": 14, ""monkey"": 20, ""fox"": 119, ""_elephant"": 1, ""deer"": 16, ""falcon"": 34, ""hippopotamus"": 16, ""turtle"": 31, ""penguin"": 44, ""shrew"": 1, ""hawk"": 7, ""lionado"": 1, ""kitty"": 1, ""goat"": 1, ""\u718a"": 1, ""koala"": 10, ""lamb"": 4, ""leo"": 5, ""feline"": 6, ""octopus"": 21, ""rabbits"": 1, ""bison"": 6, ""t-rex"": 2, ""spider"": 3, ""panda"": 28, ""hedgehog"": 1, ""zoologicon"": 1, ""jaguar"": 11, ""leopard"": 82, ""phoenix"": 43, ""komodo"": 8, ""porpoise"": 1, ""felis"": 2, ""owl"": 11, ""snake"": 26, ""sugar\u2717"": 1, ""python"": 1, ""roach"": 3, ""panther"": 7, ""chimpanzee"": 11, ""cow"": 4, ""adorable"": 1, ""rhino"": 7, ""\u8c79\u5b50"": 2, ""ostrich"": 3, ""igator"": 1, ""orca"": 5, ""horse"": 7, ""bee"": 7, ""ant"": 1, ""camel"": 4, ""snow"": 17, ""polarbear"": 2, ""baboon"": 1, ""antelope"": 5, ""otter"": 4, ""kiwi"": 2, ""great"": 27, ""pride"": 1, ""african"": 16, ""elephants"": 5, ""awkward"": 1, ""chameleon"": 14, ""camels"": 1, ""\u0436\u0432\u0430\u0447\u043a\u0430"": 1, ""zoom<\\/p>"": 1, ""bird"": 7, ""antispinosa"": 1, ""grizzly"": 13, ""golden"": 1, ""lobster"": 2, ""island"": 1, ""unicorn"": 5, ""keeper"": 2, ""bigfoots"": 2, ""banana"": 1, ""evil"": 1, ""reindeer"": 3, ""temacatibofanjilateralis"": 1, ""buffalo"": 6, ""rooster"": 3, ""beagle"": 1, ""sloth"": 3, ""capybara"": 3, ""panthera"": 4, ""\ud83d\udc2f"": 1, ""giraffes"": 2, ""pitbull"": 1, ""pangolin"": 1, ""rabbit"": 2, ""reptile"": 2, ""crocodilian"": 1, ""lemur"": 5, ""zoey"": 1, ""demonkoala"": 1, ""zoopiecze\u0144stu"": 1, ""elephant\u00ed"": 1, ""zoo"": 2, ""chickens"": 3, ""frog"": 2, ""monarch"": 1, ""teal"": 1, ""\u0441\u043b\u043e\u043d"": 1, ""wombat"": 3, ""squirrel"": 2, ""sparrow"": 2, ""zoologist"": 2, ""donkey"": 1, ""lizard"": 1, ""pig"": 1, ""mantis"": 1, ""black"": 1, ""polar"": 38, ""lynx"": 3, ""sabertooth"": 1, ""robo-penguin"": 1, ""gryphon"": 1, ""leatherback"": 2, ""kelpie"": 1, ""caribou"": 1, ""specter"": 1, ""tortoise"": 2, ""orangutan"": 14, ""ape"": 6, ""boa"": 1, ""peacock"": 5, ""\u72ee\u5b50"": 1, ""dragonfly"": 8, ""barn"": 1, ""antechinus"": 1, ""pigeon"": 2, ""tigers"": 2, ""pegasus"": 2, ""tyrannosaurus"": 3, ""whales"": 2, ""leviathan"": 1, ""griffin"": 4, ""dragons"": 1, ""mouse"": 3, ""\u9e7f"": 4, ""crow"": 2, ""raven"": 3, ""condor"": 1, ""spirit"": 1, ""centaur"": 1, ""duck"": 1, ""lionissan"": 1, ""parrot"": 6, ""seal"": 1, ""llama"": 1, ""wildlife"": 1, ""antispider"": 1, ""kilimanjaro"": 1, ""toplessdragon"": 1, ""tigress"": 1, ""alpaca"": 1, ""rhinoceros"": 2, ""gorilla"": 2, ""aboriginal"": 1, ""wild"": 3, ""toucan"": 2, ""big-eared"": 1, ""tasmanian"": 2, ""safari"": 1, ""big"": 3, ""bengal"": 2, ""cheetahs"": 1, ""kangaroo\u8c5a\u8349"": 1, ""exhibit"": 1, ""ghost"": 1, ""geologist"": 1, ""bigfoot"": 1, ""\u5927\u8c61"": 5, ""bananaboar"": 1, ""tuna"": 1, ""alligamp"": 1, ""turtles"": 3, ""bighorn"": 1, ""zoos"": 1, ""human"": 4, ""dingo"": 2, ""snowdon"": 1, ""woof"": 1, ""hunter"": 2, ""domi"": 1, ""hornet"": 1, ""dino"": 1, ""tracker"": 1, ""red"": 1, ""yeti"": 2, ""\u9b23\u8725"": 1, ""jellyfish"": 1, ""\u9cc4\u9c7c"": 1, ""gray"": 4, ""biology"": 1, ""pelican"": 1, ""antipoctoonescion"": 1, ""elk"": 4, ""narwhal"": 1, ""saber-toothed"": 1, ""coral"": 1, ""wolverine"": 2, ""zebras"": 1, ""\u7f9a\u7f8a"": 1, ""hippo"": 1, ""king"": 1, ""centipede"": 1, ""ponerine"": 1, ""bull"": 1, ""barry"": 1, ""platypus"": 1, ""\u7280\u725b"": 1, ""dolphins"": 3, ""none"": 1, ""predator"": 1, ""tealmongoose"": 1, ""bat"": 1, ""mammal"": 1, ""chimp"": 1, ""tuskorn"": 1, ""hamster"": 1, ""homo"": 1, ""jackal"": 1, ""virus"": 1, ""lions"": 1, ""honeybee"": 1, ""yin"": 1, ""syndactylus"": 1, ""harp"": 1, ""snail"": 1, ""hummingbird"": 3, ""persian"": 1, ""hyena"": 3, ""lioness"": 1, ""eyeing"": 1, ""dragonfish"": 1, ""fennec"": 1, ""raptor"": 1, ""\u7f9a\u72fc"": 1, ""raccoon"": 1, ""pony"": 1, ""barnacle"": 1, ""capferiadtxo\u00ebn"": 1, ""wh/optitron"": 1, ""somnus"": 1, ""puffin"": 1, ""\u864e"": 1, ""jade"": 1, ""krak"": 1, ""siberian"": 1, ""protector"": 1, ""grumachi"": 1, ""</>"": 1, ""mountain"": 4, ""jabiru.string_cut"": 1, ""meerkat"": 1, ""jaguars"": 1, ""tanzania"": 1, ""javan"": 5, ""nagini"": 1, ""anaconda"": 1, ""tardigrade"": 1, ""turretat\u00e9glyphus"": 1, ""zoologemaster"": 1, ""mockingjay"": 1, ""dove"": 1, ""wildcat"": 1, ""northern"": 1, ""amur"": 10, ""whitenose_snake"": 1, ""fiber"": 1, ""ndoffenante"": 1, ""bintukan"": 1, ""yakitori"": 1, ""blue"": 1, ""tapir"": 1, ""last"": 1, ""y"": 1, ""asian"": 1, ""ettienne's"": 1, ""yak"": 1, ""okapi"": 1, ""hippopotami"": 1, ""antilopidae"": 1, ""mammoth"": 1, ""falconegnasaurus"": 1, ""pandas"": 1, ""chinchillas"": 1, ""aardvark"": 1}","[[""lion"", 1516], [""elephant"", 813], [""dog"", 310], [""bear"", 210], [""wolf"", 148]]",/workspace/subtle-generalization-vs-subliminal-learning/checkpoints/mdcl_7b_to_3b/lion/bottom_10k/seed43/checkpoint-456
